4 11
4 28
4 12
4 23
4 20
4 22
4 7
4 29
4 14
4 30
4 15
4 9
4 27
6 11
6 28
6 12
6 23
6 20
6 22
6 7
6 29
6 14
6 30
6 15
6 9
6 27
18 11
18 28
18 12
18 23
18 20
18 22
18 7
18 29
18 14
18 30
18 15
18 9
18 27
19 11
19 28
19 12
19 23
19 20
19 22
19 7
19 29
19 14
19 30
19 15
19 9
19 27
3 11
3 28
3 12
3 23
3 20
3 22
3 7
3 29
3 14
3 30
3 15
3 9
3 27
10 11
10 28
10 12
10 23
10 20
10 22
10 7
10 29
10 14
10 30
10 15
10 9
10 27
5 11
5 28
5 12
5 23
5 20
5 22
5 7
5 29
5 14
5 30
5 15
5 9
5 27
13 11
13 28
13 12
13 23
13 20
13 22
13 7
13 29
13 14
13 30
13 15
13 9
13 27
26 11
26 28
26 12
26 23
26 20
26 22
26 7
26 29
26 14
26 30
26 15
26 9
26 27
8 11
8 28
8 12
8 23
8 20
8 22
8 7
8 29
8 14
8 30
8 15
8 9
8 27
25 11
25 28
25 12
25 23
25 20
25 22
25 7
25 29
25 14
25 30
25 15
25 9
25 27
16 11
16 28
16 12
16 23
16 20
16 22
16 7
16 29
16 14
16 30
16 15
16 9
16 27
1 11
1 28
1 12
1 23
1 20
1 22
1 7
1 29
1 14
1 30
1 15
1 9
1 27
21 11
21 28
21 12
21 23
21 20
21 22
21 7
21 29
21 14
21 30
21 15
21 9
21 27
7 9
2 23
2 20
2 22
2 7
2 29
2 14
2 30
2 9
28 23
28 20
28 22
28 7
28 29
28 14
28 30
28 9
4 21
6 21
18 21
19 21
3 21
10 21
5 21
13 21
26 21
8 21
17 21
17 11
17 28
17 12
17 23
17 20
17 22
17 7
17 29
17 14
17 30
17 15
17 9
17 27
25 21
2 21
2 11
2 28
2 12
2 15
2 27
16 21
4 24
6 24
18 24
19 24
3 24
10 24
5 24
13 24
26 24
8 24
17 24
25 24
2 24
16 24
1 24
4 5
4 10
4 1
6 1
18 1
19 1
5 1
2 1
4 8
3 1
4 13
4 2
18 2
5 2
13 2
13 1
4 16
6 16
19 16
3 16
10 16
10 1
5 16
13 16
26 16
26 1
8 16
8 1
17 16
17 1
25 16
25 1
4 25
6 25
19 25
3 25
10 25
6 2
19 2
10 2
18 16
3 2
26 2
6 8
18 8
24 12
24 23
24 20
24 22
24 7
24 29
24 14
24 15
24 9
24 27
5 25
13 25
4 26
6 26
18 26
18 25
19 26
3 26
10 26
23 7
23 14
23 15
23 9
22 9
7 14
7 15
6 10
19 10
6 13
3 8
10 8
5 8
6 5
28 15
19 8
19 13
11 29
11 14
11 15
11 9
12 29
12 14
12 15
12 9
20 29
20 14
20 15
20 9
11 20
11 22
11 7
12 20
12 7
14 15
11 23
11 30
