0 4
1 4
2 4
3 4
4 4
5 4
6 4
7 4
8 4
9 4
10 4
11 4
12 4
13 4
14 4
15 4
16 4
17 4
18 4
19 4
20 4
21 4
22 4
23 4
24 4
25 4
26 4
27 4
28 4
29 4
30 4
31 4
32 4
33 4
34 4
35 4
36 4
37 4
38 4
39 4
40 4
41 4
42 4
43 4
44 4
45 4
46 4
47 4
48 4
49 4
50 4
51 4
52 4
53 4
54 4
55 4
56 4
57 4
58 4
59 4
60 4
61 4
62 4
63 4
64 4
65 4
66 4
67 4
68 4
69 4
70 4
71 4
72 4
73 4
74 4
75 4
76 4
77 4
78 4
79 4
80 4
81 4
82 4
83 4
84 4
85 4
86 4
87 4
88 4
89 4
90 4
91 4
92 4
93 4
94 4
95 4
96 4
97 4
98 4
99 4
100 4
101 4
102 4
103 4
104 4
105 4
106 4
107 4
108 4
109 4
110 4
111 4
112 4
113 4
114 4
115 4
116 4
117 4
118 4
119 4
120 4
121 4
122 4
123 4
124 4
125 4
126 4
127 4
128 4
129 4
130 4
131 4
132 4
133 4
134 4
135 4
136 4
137 4
138 4
139 4
140 4
141 4
142 4
143 4
144 4
145 4
146 4
147 4
148 4
149 4
150 4
151 4
152 4
153 4
154 4
155 4
156 4
157 4
158 4
159 4
160 4
161 4
162 4
163 4
164 4
165 4
166 4
167 4
168 4
169 4
170 4
171 4
172 4
173 4
174 4
175 4
176 4
177 4
178 4
179 4
180 4
181 4
182 4
183 4
184 4
185 4
186 4
187 4
188 4
189 4
190 4
191 4
192 4
193 4
194 4
195 4
196 4
197 4
198 4
199 4
200 4
201 4
202 4
203 4
204 4
205 4
206 4
207 4
208 4
209 4
210 4
211 4
212 4
213 4
214 4
215 4
216 4
217 4
218 4
219 4
220 4
221 4
222 4
223 4
224 4
225 4
226 4
227 4
228 4
229 4
230 4
231 4
232 4
233 4
234 4
235 4
236 4
237 4
238 4
239 4
240 4
241 4
242 4
243 4
244 4
245 4
246 4
247 4
248 4
249 4
250 4
251 4
252 4
253 4
254 4
255 4
256 4
257 4
258 4
259 4
260 4
261 4
262 4
263 4
264 4
265 4
266 4
267 4
268 4
269 4
270 4
271 4
272 4
273 4
274 4
275 4
276 4
277 4
278 4
279 4
280 4
281 4
282 4
283 4
284 4
285 4
286 4
287 4
288 4
289 4
290 4
291 4
292 4
293 4
294 4
295 4
296 4
297 4
298 4
299 4
300 4
301 4
302 4
303 4
304 4
305 4
306 4
307 4
308 4
309 4
310 4
311 4
312 4
313 4
314 4
315 4
316 4
317 4
318 4
319 4
320 4
321 4
322 4
323 4
324 4
325 4
326 4
327 4
328 4
329 4
330 4
331 4
332 4
333 4
334 4
335 4
336 4
337 4
338 4
339 4
340 4
341 4
342 4
343 4
344 4
345 4
346 4
347 4
348 4
349 4
350 4
351 4
352 4
353 4
354 4
355 4
356 4
357 4
358 4
359 4
360 4
361 4
362 4
363 4
364 4
365 4
366 4
367 4
368 4
369 4
370 4
371 4
372 4
373 4
374 4
375 4
376 4
377 4
378 4
379 4
380 4
381 4
382 4
383 4
384 4
385 4
386 4
387 4
388 4
389 4
390 4
391 4
392 4
393 4
394 4
395 4
396 4
397 4
398 4
399 4
400 4
401 4
402 4
403 4
404 4
405 4
406 4
407 4
408 4
409 4
410 4
411 4
412 4
413 4
414 4
415 6
416 6
0 6
4 6
417 6
418 6
419 6
420 6
421 6
422 6
423 6
3 6
424 6
425 6
426 6
427 6
428 6
429 6
430 6
431 6
44 6
432 6
433 6
29 6
434 6
435 6
436 6
437 6
438 6
61 6
439 6
440 6
441 6
442 6
443 6
444 6
445 6
446 6
447 6
448 6
449 6
450 6
451 6
452 6
453 6
454 6
455 6
456 6
457 6
12 6
458 6
459 6
321 6
460 6
461 6
462 6
463 6
464 6
465 6
466 6
467 6
468 6
39 6
469 6
470 6
143 6
471 6
472 6
473 6
474 6
475 6
476 6
477 6
38 6
478 6
479 6
239 6
480 6
481 6
482 6
483 6
484 6
485 6
486 6
487 6
488 6
489 6
490 6
137 6
491 6
492 6
67 6
70 6
493 6
494 6
495 6
71 6
73 6
496 6
77 6
497 6
86 6
498 6
499 6
500 6
501 6
502 6
503 6
54 6
504 6
505 6
279 6
506 6
507 6
508 6
509 6
510 6
511 6
83 6
512 6
513 6
514 6
515 6
516 6
517 6
518 6
519 6
520 6
103 6
521 6
522 6
523 6
524 6
525 6
526 6
256 6
166 6
527 6
528 6
529 6
530 6
531 6
532 6
533 6
35 6
534 6
535 6
536 6
537 6
538 6
539 6
540 6
541 6
542 6
116 6
543 6
544 6
325 6
545 6
546 6
547 6
548 6
549 6
90 6
550 6
551 6
552 6
553 6
554 6
555 6
556 6
557 6
558 6
559 6
560 6
561 6
562 6
563 6
564 6
565 6
566 6
567 6
568 6
569 6
570 6
571 6
291 6
572 6
573 6
574 6
575 6
576 6
577 6
578 6
96 6
579 6
580 6
89 6
581 6
582 6
583 6
584 6
585 6
586 6
587 6
588 6
589 6
590 6
591 6
592 6
593 6
594 6
595 6
596 6
597 6
99 6
98 6
84 6
598 6
599 6
600 6
276 6
601 6
602 6
112 6
603 6
604 6
605 6
606 6
607 6
608 6
609 6
610 6
611 6
612 6
613 6
614 6
615 6
260 6
616 6
617 6
618 6
619 6
620 6
621 6
622 6
623 6
624 6
625 6
626 6
627 6
628 6
629 6
630 6
631 6
632 6
405 6
633 6
634 6
635 6
636 6
637 6
638 6
639 6
640 6
641 6
272 6
642 6
643 6
644 6
645 6
646 6
647 6
648 6
649 6
650 6
651 6
652 6
185 6
653 6
654 6
655 6
656 6
657 6
658 6
659 6
660 6
661 6
662 6
663 6
664 6
665 6
666 6
237 6
667 6
668 6
669 6
670 6
671 6
672 6
673 6
674 6
675 6
676 6
677 6
678 6
679 6
680 6
681 6
682 6
683 6
684 6
685 6
686 6
687 6
688 6
160 6
689 6
690 6
691 6
692 6
87 6
693 6
694 6
695 6
696 6
697 6
698 6
699 6
700 6
113 6
701 6
406 6
702 6
703 6
704 6
705 6
706 6
707 6
708 6
709 6
710 6
711 6
712 6
713 6
714 6
715 6
716 6
717 6
718 6
719 6
720 6
721 6
722 6
723 6
724 6
725 6
726 6
727 6
728 6
729 6
730 6
731 6
732 6
733 6
734 6
735 6
736 6
737 6
738 6
739 6
740 6
741 6
742 6
743 6
141 6
744 6
134 6
745 6
746 6
747 6
748 6
749 6
750 6
751 6
752 6
753 6
754 6
755 6
756 6
757 6
758 6
759 6
760 6
761 6
762 6
763 6
764 6
765 6
766 6
767 6
768 6
769 6
201 6
770 6
771 6
772 6
773 6
774 6
775 6
776 6
777 6
778 6
779 6
780 6
781 6
782 6
783 6
784 6
149 6
785 6
786 6
787 6
788 6
789 6
115 6
790 6
791 6
792 6
793 6
794 6
795 6
796 6
797 6
798 6
799 6
800 6
801 6
802 6
803 6
804 6
154 6
805 6
806 6
807 6
808 6
809 6
810 6
811 6
812 6
813 6
814 6
815 6
816 6
817 6
818 6
819 6
820 6
821 6
822 6
823 6
824 6
825 6
826 6
827 6
828 6
829 6
830 6
831 6
832 6
833 6
834 6
835 6
836 6
837 6
838 6
839 6
840 6
841 6
842 6
843 6
844 6
845 6
846 6
847 6
848 6
849 6
850 6
851 6
852 6
853 6
854 6
855 6
856 6
857 6
858 6
859 6
860 6
861 6
862 6
863 6
864 6
865 6
866 6
867 6
868 6
869 6
870 6
871 6
872 6
873 6
874 6
875 6
876 6
877 6
878 6
879 6
199 6
880 6
179 6
881 6
882 6
883 6
884 6
885 6
886 6
887 6
888 6
889 6
890 6
891 6
892 6
893 6
894 6
895 6
896 6
897 6
898 6
899 6
900 6
901 6
902 6
903 6
270 6
904 6
905 6
906 6
907 6
908 6
909 6
910 6
911 6
912 6
913 6
914 6
915 6
916 6
917 6
918 6
919 6
920 6
921 6
922 6
923 6
924 6
925 6
926 6
927 6
928 6
181 6
929 6
930 6
931 6
932 6
183 6
933 6
934 6
935 6
223 6
136 6
936 6
937 6
938 6
939 6
940 6
941 6
942 6
319 6
189 6
943 6
944 6
125 6
945 6
946 6
947 6
948 6
949 6
950 6
951 6
952 6
953 6
954 6
955 6
200 6
956 6
957 6
958 6
959 6
960 6
961 6
962 6
963 6
964 6
965 6
966 6
967 6
968 6
195 6
969 6
970 6
971 6
972 6
973 6
974 6
16 6
975 6
976 6
977 6
978 6
979 6
980 6
981 6
982 6
983 6
984 6
985 6
986 6
987 6
988 6
989 6
990 6
991 6
992 6
993 6
994 6
995 6
996 6
997 6
998 6
999 6
1000 6
1001 6
1002 6
1003 6
1004 6
1005 6
1006 6
1007 6
1008 6
1009 6
1010 6
1011 6
1012 6
1013 6
1014 6
1015 6
1016 6
1017 6
1018 6
1019 6
1020 6
1021 6
1022 6
1023 6
1024 6
1025 6
1026 6
1027 6
1028 6
1029 6
1030 6
1031 6
1032 6
1033 6
1034 6
1035 6
204 6
1036 6
1037 6
1038 6
1039 6
1040 6
1041 6
1042 6
1043 6
1044 6
1045 6
1046 6
210 6
1047 6
250 6
1048 6
1049 6
1050 6
1051 6
1052 6
1053 6
1054 6
1055 6
1056 6
1057 6
1058 6
202 6
1059 6
1060 6
1061 6
1062 6
1063 6
1064 6
1065 6
1066 6
1067 6
1068 6
1069 6
1070 6
1071 6
1072 6
1073 6
1074 6
1075 6
1076 6
1077 6
1078 6
1079 6
1080 6
1081 6
1082 6
1083 6
1084 6
1085 6
1086 6
1087 6
1088 6
1089 6
1090 6
1091 6
1092 6
1093 6
1094 6
1095 6
1096 6
1097 6
1098 6
1099 6
1100 6
1101 6
1102 6
1103 6
1104 6
1105 6
1106 6
1107 6
1108 6
1109 6
1110 6
1111 6
1112 6
1113 6
1114 6
1115 6
1116 6
1117 6
1118 6
1119 6
1120 6
1121 6
1122 6
1123 6
234 6
1124 6
129 6
1125 6
1126 6
1127 6
1128 6
1129 6
1130 6
1131 6
1132 6
1133 6
1134 6
1135 6
1136 6
1137 6
1138 6
1139 6
1140 6
1141 6
1142 6
1143 6
1144 6
1145 6
1146 6
1147 6
1148 6
1149 6
1150 6
1151 6
1152 6
1153 6
1154 6
1155 6
1156 6
1157 6
1158 6
1159 6
264 6
1160 6
1161 6
1162 6
1163 6
295 6
1164 6
1165 6
1166 6
1167 6
1168 6
1169 6
1170 6
1171 6
259 6
1172 6
1173 6
1174 6
1175 6
253 6
1176 6
1177 6
1178 6
1179 6
257 6
1180 6
1181 6
1182 6
1183 6
1184 6
1185 6
1186 6
1187 6
140 6
265 6
1188 6
1189 6
1190 6
1191 6
1192 6
1193 6
1194 6
1195 6
1196 6
1197 6
1198 6
1199 6
1200 6
1201 6
1202 6
248 6
78 6
1203 6
280 6
1204 6
1205 6
1206 6
79 6
1207 6
267 6
1208 6
1209 6
72 6
1210 6
1211 6
1212 6
263 6
1213 6
1214 6
1215 6
299 6
1216 6
1217 6
1218 6
1219 6
193 6
1220 6
1221 6
1222 6
1223 6
1224 6
36 6
1225 6
1226 6
1227 6
1228 6
1229 6
1230 6
1231 6
1232 6
1233 6
1234 6
1235 6
1236 6
287 6
1237 6
1238 6
1239 6
1240 6
1241 6
1242 6
1243 6
1244 6
1245 6
1246 6
266 6
1247 6
1248 6
172 6
1249 6
1250 6
1251 6
1252 6
1253 6
1254 6
304 6
1255 6
1256 6
229 6
1257 6
126 6
300 6
1258 6
1259 6
1260 6
1261 6
1262 6
1263 6
1264 6
1265 6
1266 6
1267 6
306 6
1268 6
1269 6
1270 6
1271 6
1272 6
1273 6
1274 6
1275 6
168 6
1276 6
1277 6
1278 6
1279 6
1280 6
1281 6
1282 6
1283 6
1284 6
1285 6
1286 6
1287 6
1288 6
1289 6
1290 6
1291 6
1292 6
1293 6
1294 6
1295 6
1296 6
1297 6
1298 6
1299 6
1300 6
1301 6
1302 6
1303 6
1304 6
1305 6
1306 6
1307 6
1308 6
1309 6
1310 6
269 6
1311 6
1312 6
1313 6
1314 6
1315 6
1316 6
320 6
1317 6
1318 6
1319 6
1320 6
1321 6
1322 6
1323 6
1324 6
1325 6
1326 6
1327 6
1328 6
1329 6
1330 6
1331 6
1332 6
1333 6
1334 6
1335 6
1336 6
1337 6
1338 6
1339 6
1340 6
1341 6
1342 6
1343 6
1344 6
1345 6
1346 6
1347 6
1348 6
1349 6
1350 6
1351 6
413 6
1352 6
162 6
1353 6
1354 6
1355 6
1356 6
1357 6
1358 6
1359 6
1360 6
344 6
1361 6
1362 6
1363 6
1364 6
1365 6
144 6
1366 6
164 6
1367 6
1368 6
1369 6
1370 6
1371 6
1372 6
1373 6
1374 6
1375 6
1376 6
1377 6
1378 6
1379 6
1380 6
271 6
1381 6
1382 6
1383 6
1384 6
1385 6
1386 6
1387 6
370 6
1388 6
1389 6
1390 6
1391 6
1392 6
1393 6
365 6
1394 6
1395 6
1396 6
1397 6
1398 6
1399 6
389 6
1400 6
1401 6
392 6
391 6
1402 6
167 6
1403 6
1404 6
1405 6
328 6
1406 6
1407 6
399 6
1408 6
353 6
1409 6
1410 6
1411 6
1412 6
1413 6
1414 6
1415 6
1416 6
364 6
1417 6
1418 6
1419 6
377 6
1420 6
1421 6
1422 6
1423 6
1424 6
1425 6
1426 6
1427 6
1428 6
1429 6
1430 6
1431 6
1432 6
1433 6
1434 6
1435 6
1436 6
1437 6
1438 6
1439 6
1440 6
1441 6
1442 6
1443 6
1444 6
1445 6
1446 6
410 6
1447 6
1448 6
26 6
1449 6
1450 6
1451 6
412 6
4 18
3 18
0 18
18 18
1452 18
55 18
1453 18
1454 18
83 18
340 18
1455 18
1456 18
1457 18
103 18
237 18
1458 18
1459 18
1460 18
269 18
1461 18
1462 18
1463 18
1464 18
1465 18
1466 18
1055 18
1467 18
1468 18
99 18
1469 18
59 18
295 18
140 18
113 18
1470 18
1471 18
134 18
1472 18
1473 18
141 18
1474 18
149 18
1475 18
72 18
1476 18
1477 18
179 18
154 18
1478 18
1479 18
1480 18
1481 18
1482 18
1483 18
280 18
181 18
183 18
223 18
189 18
267 18
1484 18
1332 18
195 18
79 18
204 18
192 18
210 18
129 18
1175 18
139 18
227 18
1485 18
1486 18
1487 18
259 18
253 18
265 18
229 18
271 18
78 18
165 18
164 18
160 18
299 18
166 18
112 18
36 18
287 18
1488 18
272 18
300 18
1489 18
304 18
411 18
320 18
200 18
126 18
270 18
87 18
172 18
1490 18
276 18
306 18
279 18
1491 18
1492 18
1493 18
1494 18
1495 18
1496 18
344 18
1118 18
565 18
325 18
234 18
391 18
399 18
1497 18
1498 18
26 18
1499 18
1500 18
410 18
412 18
1501 19
4 19
426 19
1502 19
1503 19
1504 19
0 19
1437 19
1505 19
1457 19
439 19
1482 19
1506 19
1507 19
1508 19
1509 19
1510 19
1511 19
1512 19
3 19
1513 19
1514 19
1515 19
1516 19
1517 19
1518 19
2 19
67 19
71 19
70 19
73 19
77 19
42 19
1519 19
1520 19
1521 19
628 19
83 19
1522 19
1523 19
1524 19
1525 19
239 19
1526 19
178 19
1527 19
1528 19
1529 19
1283 19
1530 19
1531 19
1532 19
1533 19
1534 19
1535 19
1536 19
1537 19
99 19
1538 19
1539 19
179 19
106 19
1540 19
1541 19
1542 19
1543 19
1544 19
1545 19
1546 19
1547 19
1548 19
1549 19
1550 19
1551 19
1552 19
1553 19
1554 19
1555 19
1556 19
1557 19
1558 19
136 19
685 19
1559 19
1560 19
1561 19
79 19
1562 19
1563 19
1564 19
1565 19
1566 19
1567 19
1568 19
1569 19
1570 19
1571 19
1572 19
1573 19
1574 19
1575 19
1576 19
1577 19
873 19
134 19
1578 19
1483 19
1579 19
1580 19
1581 19
1582 19
1583 19
1584 19
1585 19
1586 19
1587 19
1588 19
1589 19
1456 19
1590 19
1591 19
1592 19
1593 19
154 19
1594 19
1595 19
1596 19
1597 19
26 19
1598 19
1599 19
1600 19
231 19
1601 19
149 19
1602 19
1603 19
1604 19
81 19
1605 19
1606 19
1475 19
1607 19
1608 19
1609 19
143 19
1610 19
1611 19
1612 19
1613 19
1614 19
200 19
94 19
1615 19
1616 19
189 19
1617 19
1618 19
1619 19
115 19
1620 19
195 19
183 19
1621 19
1622 19
1623 19
237 19
1624 19
1625 19
210 19
141 19
162 19
1626 19
1627 19
1628 19
1629 19
1630 19
1631 19
1632 19
1633 19
1634 19
1635 19
1636 19
1637 19
1638 19
1639 19
298 19
1192 19
1640 19
1641 19
1642 19
1643 19
1644 19
1645 19
270 19
533 19
1646 19
1647 19
1648 19
1649 19
1650 19
259 19
253 19
1651 19
1652 19
1653 19
1654 19
78 19
265 19
167 19
1655 19
1656 19
1657 19
1658 19
1202 19
739 19
248 19
1659 19
1660 19
1661 19
1662 19
1663 19
267 19
1664 19
165 19
1665 19
126 19
36 19
160 19
1666 19
1667 19
101 19
299 19
113 19
1668 19
1669 19
279 19
1670 19
1671 19
1672 19
1673 19
304 19
306 19
300 19
192 19
1674 19
1675 19
1676 19
1677 19
1678 19
1679 19
193 19
166 19
272 19
320 19
1680 19
319 19
1681 19
733 19
103 19
1682 19
230 19
1683 19
1684 19
344 19
1685 19
1686 19
1687 19
1688 19
1144 19
1689 19
271 19
1380 19
1690 19
112 19
140 19
72 19
104 19
367 19
1691 19
1391 19
361 19
387 19
389 19
392 19
1692 19
399 19
735 19
1693 19
1694 19
1695 19
1696 19
1697 19
1698 19
391 19
407 19
1699 19
1700 19
1701 19
1702 19
1703 3
1704 3
3 3
260 3
0 3
32 3
1705 3
4 3
1706 3
36 3
1707 3
1708 3
1709 3
1710 3
1711 3
28 3
1712 3
1713 3
1714 3
1715 3
1716 3
1717 3
1718 3
82 3
1719 3
1720 3
1721 3
1722 3
1723 3
1724 3
1725 3
1726 3
1727 3
1728 3
1729 3
1730 3
780 3
1731 3
1732 3
1733 3
1734 3
1735 3
1736 3
432 3
1737 3
1738 3
1739 3
1740 3
1741 3
117 3
1742 3
294 3
1743 3
19 3
1744 3
1745 3
143 3
1746 3
566 3
1747 3
1748 3
1749 3
1750 3
431 3
1751 3
1670 3
1752 3
586 3
1753 3
1754 3
1755 3
1756 3
1757 3
1758 3
1759 3
1760 3
1761 3
1762 3
291 3
1763 3
1764 3
1765 3
1766 3
1767 3
1768 3
1769 3
1770 3
67 3
70 3
1771 3
1772 3
114 3
1773 3
1774 3
1775 3
1776 3
1777 3
1778 3
1779 3
140 3
1780 3
1781 3
1782 3
1783 3
83 3
1784 3
1785 3
514 3
1786 3
1787 3
1788 3
1789 3
1790 3
1791 3
1274 3
1792 3
1793 3
1794 3
1795 3
1796 3
1797 3
1798 3
1018 3
1799 3
1800 3
1801 3
1802 3
1803 3
1804 3
92 3
1805 3
633 3
1806 3
1807 3
1808 3
1809 3
1810 3
1811 3
1489 3
1812 3
1813 3
1814 3
1815 3
1816 3
1817 3
1818 3
883 3
1819 3
1820 3
1821 3
1822 3
1823 3
1824 3
1825 3
1826 3
1827 3
1144 3
1828 3
1829 3
1830 3
1831 3
1698 3
1832 3
1833 3
1834 3
1835 3
1836 3
1837 3
1838 3
1839 3
1840 3
1841 3
1842 3
1843 3
1844 3
1845 3
78 3
1846 3
1847 3
1848 3
1849 3
1850 3
116 3
166 3
1851 3
1852 3
1853 3
1854 3
98 3
1855 3
1856 3
1857 3
1858 3
1859 3
1860 3
1192 3
75 3
1861 3
1862 3
1863 3
1864 3
230 3
1865 3
99 3
1866 3
1867 3
1868 3
1869 3
1870 3
1871 3
1872 3
1873 3
1874 3
1875 3
1876 3
1877 3
1878 3
1879 3
1880 3
1881 3
1882 3
35 3
1883 3
1884 3
1885 3
1886 3
280 3
1887 3
229 3
1888 3
1889 3
1890 3
1891 3
1892 3
1893 3
1894 3
1895 3
1896 3
1897 3
1898 3
177 3
1899 3
1900 3
1901 3
1902 3
1903 3
1904 3
1905 3
1906 3
1907 3
1908 3
1909 3
1910 3
1911 3
1912 3
1913 3
1914 3
185 3
1915 3
1916 3
1917 3
1918 3
1919 3
1920 3
1921 3
1922 3
113 3
1923 3
1924 3
1925 3
1926 3
1927 3
104 3
112 3
1928 3
1929 3
1930 3
1931 3
1932 3
1933 3
1934 3
1935 3
1936 3
375 3
1937 3
1938 3
685 3
255 3
1939 3
1940 3
1941 3
433 3
1942 3
1943 3
1944 3
1945 3
1946 3
1947 3
1948 3
1518 3
1949 3
1950 3
1951 3
1952 3
1953 3
1954 3
1955 3
1956 3
1957 3
1958 3
1959 3
1960 3
1961 3
231 3
1962 3
1963 3
1964 3
978 3
1965 3
1966 3
1967 3
666 3
1968 3
1969 3
1970 3
1971 3
325 3
160 3
1972 3
279 3
1973 3
1974 3
1975 3
1976 3
1977 3
1978 3
1979 3
1980 3
1981 3
1982 3
1983 3
1984 3
1985 3
1986 3
1987 3
1988 3
1989 3
1990 3
72 3
1991 3
1992 3
1993 3
1994 3
1995 3
1996 3
1997 3
1998 3
271 3
1999 3
2000 3
2001 3
2002 3
2003 3
2004 3
239 3
2005 3
2006 3
2007 3
2008 3
2009 3
2010 3
733 3
2011 3
2012 3
2013 3
2014 3
2015 3
2016 3
2017 3
134 3
96 3
2018 3
2019 3
141 3
2020 3
2021 3
2022 3
2023 3
2024 3
2025 3
2026 3
2027 3
2028 3
2029 3
2030 3
2031 3
2032 3
2033 3
321 3
2034 3
2035 3
2036 3
2037 3
2038 3
2039 3
2040 3
2041 3
2042 3
2043 3
265 3
2044 3
2045 3
2046 3
2047 3
2048 3
2049 3
2050 3
2051 3
395 3
2052 3
2053 3
264 3
317 3
2054 3
2055 3
2056 3
2057 3
2058 3
2059 3
2060 3
2061 3
2062 3
224 3
2063 3
2064 3
2065 3
2066 3
154 3
2067 3
2068 3
2069 3
1102 3
2070 3
2071 3
109 3
2072 3
2073 3
2074 3
2075 3
2076 3
2077 3
2078 3
2079 3
2080 3
2081 3
2082 3
1244 3
2083 3
2084 3
2085 3
2086 3
2087 3
2088 3
2089 3
2090 3
2091 3
2092 3
2093 3
2094 3
2095 3
2096 3
1077 3
2097 3
172 3
2098 3
2099 3
2100 3
389 3
2101 3
2102 3
2103 3
2104 3
2105 3
2106 3
2107 3
2108 3
2109 3
2110 3
2111 3
2112 3
318 3
2113 3
2114 3
2115 3
149 3
2116 3
2117 3
2118 3
2119 3
2120 3
2121 3
2122 3
2123 3
2124 3
2125 3
38 3
2126 3
2127 3
2128 3
2129 3
2130 3
2131 3
2132 3
2133 3
2134 3
208 3
1197 3
2135 3
1482 3
2136 3
2137 3
2138 3
202 3
2139 3
914 3
2140 3
2141 3
2142 3
2143 3
2144 3
2145 3
2146 3
2147 3
270 3
2148 3
2149 3
2150 3
2151 3
2152 3
2153 3
2154 3
2155 3
2156 3
2157 3
1085 3
2158 3
2159 3
821 3
2160 3
2161 3
2162 3
2163 3
181 3
2164 3
2165 3
2166 3
90 3
2167 3
2168 3
2169 3
2170 3
2171 3
2172 3
2173 3
2174 3
2175 3
183 3
2176 3
2177 3
2178 3
2179 3
2180 3
2181 3
2182 3
2183 3
189 3
2184 3
2185 3
2186 3
2187 3
2188 3
2189 3
2190 3
2191 3
2192 3
945 3
2193 3
2194 3
2195 3
2196 3
2197 3
2198 3
2199 3
195 3
2200 3
2201 3
2202 3
2203 3
2204 3
199 3
2205 3
173 3
2206 3
2207 3
2208 3
2209 3
1316 3
2210 3
2211 3
2212 3
2213 3
2214 3
2215 3
2216 3
735 3
2217 3
2218 3
997 3
2219 3
2220 3
2221 3
2222 3
2223 3
236 3
2224 3
2225 3
2226 3
2227 3
2228 3
2229 3
2230 3
576 3
2231 3
2232 3
204 3
2233 3
2234 3
2235 3
2236 3
2237 3
2238 3
2239 3
2240 3
2241 3
1341 3
210 3
2242 3
2243 3
2244 3
2245 3
2246 3
2247 3
2248 3
2249 3
200 3
2250 3
2251 3
2252 3
292 3
2253 3
2254 3
2255 3
2256 3
2257 3
2258 3
2259 3
2260 3
2261 3
2262 3
2263 3
2264 3
2265 3
2266 3
1070 3
2267 3
2268 3
2269 3
2270 3
2271 3
2272 3
2273 3
2274 3
2275 3
2276 3
2277 3
2278 3
2279 3
2280 3
2281 3
1340 3
2282 3
2283 3
2284 3
937 3
2285 3
2286 3
2287 3
2288 3
2289 3
2290 3
2291 3
2292 3
2293 3
2294 3
2295 3
2296 3
2297 3
2298 3
2299 3
2300 3
2301 3
2302 3
2303 3
2304 3
2305 3
2306 3
2307 3
2308 3
293 3
2309 3
2310 3
2311 3
2312 3
2313 3
2314 3
2315 3
2316 3
147 3
2317 3
2318 3
2319 3
1130 3
2320 3
2321 3
2322 3
2323 3
2324 3
1437 3
2325 3
2326 3
2327 3
2328 3
2329 3
2330 3
223 3
298 3
2331 3
2332 3
2333 3
2334 3
2335 3
2336 3
1196 3
2337 3
2338 3
2339 3
2340 3
2341 3
259 3
2342 3
2343 3
2344 3
1153 3
2345 3
2346 3
253 3
2347 3
2348 3
2349 3
405 3
2350 3
2351 3
2352 3
2353 3
2354 3
2355 3
2356 3
2357 3
2358 3
2359 3
2360 3
250 3
908 3
2361 3
2362 3
2363 3
107 3
2364 3
2365 3
2366 3
2367 3
2368 3
248 3
2369 3
2370 3
126 3
2371 3
2372 3
2373 3
2374 3
2375 3
129 3
2376 3
2377 3
2378 3
2379 3
2380 3
2381 3
2382 3
299 3
2383 3
2384 3
2385 3
2386 3
2387 3
2388 3
2389 3
2390 3
2391 3
2392 3
2393 3
2394 3
1226 3
2395 3
2396 3
2397 3
2398 3
2399 3
2400 3
1187 3
1641 3
287 3
2401 3
2402 3
2403 3
2404 3
2405 3
2406 3
2407 3
1254 3
2408 3
1201 3
2409 3
42 3
2410 3
2411 3
304 3
2412 3
2413 3
300 3
2414 3
1224 3
2415 3
2416 3
2417 3
2418 3
87 3
2419 3
2420 3
2421 3
2422 3
2423 3
315 3
256 3
2424 3
2425 3
306 3
2426 3
2427 3
2428 3
2429 3
2430 3
2431 3
2432 3
2433 3
2434 3
1339 3
2435 3
2436 3
2437 3
2438 3
1118 3
2439 3
2440 3
2441 3
650 3
2442 3
2443 3
2444 3
2445 3
2446 3
103 3
2447 3
2448 3
320 3
2449 3
2450 3
1303 3
2451 3
2452 3
323 3
2453 3
2454 3
2455 3
2456 3
2457 3
267 3
2458 3
2459 3
2460 3
2461 3
2462 3
2463 3
2464 3
2465 3
2466 3
2467 3
2468 3
2469 3
2470 3
2471 3
2472 3
2473 3
2474 3
1675 3
193 3
1163 3
2475 3
2476 3
2477 3
2478 3
2479 3
2480 3
2481 3
1528 3
2482 3
2483 3
2484 3
2485 3
2486 3
2487 3
167 3
2488 3
2489 3
2490 3
165 3
2491 3
2492 3
2493 3
2494 3
2495 3
344 3
2496 3
2497 3
2498 3
2499 3
2500 3
2501 3
2502 3
2503 3
2504 3
2505 3
2506 3
2507 3
2508 3
2509 3
2510 3
2511 3
2512 3
2513 3
333 3
2514 3
276 3
201 3
2515 3
1380 3
473 3
269 3
2516 3
1232 3
2517 3
91 3
272 3
2518 3
2519 3
2520 3
2521 3
2522 3
2523 3
353 3
1387 3
381 3
2524 3
2525 3
378 3
2526 3
392 3
359 3
2527 3
2528 3
2529 3
1691 3
2530 3
2531 3
391 3
1446 3
2532 3
2533 3
2534 3
2535 3
2536 3
2537 3
2538 3
2539 3
399 3
2540 3
2541 3
2542 3
2543 3
2544 3
2545 3
2546 3
372 3
2547 3
2548 3
2549 3
2550 3
2551 3
407 3
2552 3
1413 3
2553 3
2554 3
2555 3
2556 3
2557 3
2558 3
2559 3
2560 3
1500 3
2561 3
2562 3
2563 3
2564 3
2565 3
2566 3
2567 3
2568 3
2569 3
2570 3
438 3
2571 3
410 3
2572 3
2573 3
2574 3
2575 3
2576 3
3 10
2577 10
2578 10
2579 10
2580 10
2581 10
2582 10
2 10
4 10
0 10
2583 10
2584 10
2585 10
19 10
2586 10
2587 10
76 10
1659 10
2588 10
2589 10
2590 10
2591 10
2592 10
2593 10
2594 10
2595 10
2596 10
2597 10
2598 10
2599 10
1341 10
2600 10
1163 10
436 10
1734 10
1710 10
2601 10
83 10
2602 10
317 10
2603 10
735 10
2604 10
2605 10
2606 10
239 10
54 10
2607 10
67 10
70 10
2608 10
77 10
73 10
71 10
2609 10
2610 10
2611 10
112 10
2612 10
2613 10
2614 10
2615 10
2616 10
2617 10
2618 10
2619 10
2620 10
1527 10
2621 10
2622 10
2623 10
2624 10
2625 10
193 10
173 10
576 10
2626 10
87 10
2627 10
2628 10
2629 10
2630 10
1192 10
2631 10
2632 10
99 10
2633 10
2634 10
514 10
2635 10
2636 10
2637 10
2638 10
2639 10
1654 10
316 10
2640 10
2641 10
2642 10
2643 10
295 10
2644 10
2645 10
2344 10
113 10
2646 10
685 10
2647 10
2648 10
2649 10
2650 10
1967 10
1851 10
136 10
2651 10
1344 10
389 10
141 10
2652 10
321 10
72 10
1766 10
2653 10
2654 10
2655 10
2656 10
134 10
154 10
2657 10
2658 10
2659 10
2660 10
2661 10
2662 10
270 10
2663 10
276 10
126 10
2664 10
149 10
140 10
2665 10
2242 10
2666 10
2667 10
2668 10
2669 10
2670 10
78 10
733 10
2671 10
2672 10
2673 10
2674 10
181 10
2675 10
2676 10
183 10
2677 10
2678 10
2059 10
739 10
2679 10
1515 10
189 10
237 10
195 10
2680 10
2681 10
2682 10
2683 10
1085 10
2684 10
2685 10
204 10
192 10
100 10
2686 10
2687 10
2688 10
210 10
2689 10
2690 10
2691 10
1740 10
1630 10
260 10
223 10
2692 10
201 10
179 10
2693 10
2694 10
2695 10
2696 10
2697 10
279 10
277 10
1332 10
2698 10
2699 10
2700 10
259 10
253 10
269 10
395 10
166 10
265 10
2701 10
2365 10
248 10
2702 10
129 10
229 10
160 10
200 10
325 10
272 10
256 10
1670 10
271 10
2703 10
2704 10
2705 10
2706 10
2707 10
2708 10
2709 10
36 10
2710 10
2711 10
287 10
2712 10
2713 10
2714 10
299 10
2715 10
300 10
2716 10
304 10
2717 10
2718 10
315 10
2719 10
306 10
1677 10
165 10
2720 10
2721 10
320 10
2722 10
92 10
2723 10
1495 10
2724 10
2725 10
2726 10
373 10
2727 10
344 10
2728 10
89 10
267 10
280 10
2729 10
1691 10
2730 10
2528 10
354 10
2731 10
357 10
361 10
2732 10
2733 10
363 10
355 10
2734 10
1407 10
359 10
365 10
366 10
2735 10
364 10
376 10
2736 10
391 10
2737 10
392 10
399 10
1431 10
2738 10
2739 10
2740 10
2741 10
2742 10
386 10
2743 10
2744 10
407 10
2745 10
2746 10
410 10
2747 10
412 10
2748 10
2749 10
2750 5
3 5
0 5
4 5
2751 5
2752 5
2753 5
2754 5
2755 5
2756 5
2757 5
426 5
2758 5
468 5
2759 5
36 5
2760 5
2761 5
2762 5
2763 5
1672 5
2764 5
2604 5
2391 5
2765 5
2766 5
2767 5
571 5
1767 5
30 5
1055 5
81 5
2768 5
2769 5
2770 5
2771 5
2772 5
2773 5
2774 5
2775 5
2776 5
2777 5
2778 5
2598 5
114 5
2779 5
2780 5
1344 5
20 5
2781 5
459 5
2782 5
2783 5
2784 5
26 5
16 5
2785 5
1453 5
608 5
1743 5
2786 5
66 5
2787 5
2788 5
2789 5
2790 5
67 5
56 5
2791 5
2792 5
2793 5
2794 5
1772 5
2795 5
2796 5
2797 5
34 5
2798 5
2799 5
2800 5
270 5
298 5
172 5
2801 5
96 5
2802 5
83 5
2803 5
1917 5
2804 5
2805 5
2806 5
2807 5
2808 5
2809 5
276 5
2810 5
2811 5
2812 5
2813 5
1708 5
2814 5
2815 5
2816 5
633 5
2817 5
2818 5
2819 5
1565 5
239 5
2820 5
2821 5
2822 5
2823 5
578 5
2824 5
2825 5
2826 5
2414 5
1274 5
2827 5
2828 5
2829 5
109 5
2470 5
2830 5
2831 5
237 5
1483 5
1972 5
72 5
2832 5
2833 5
2834 5
1482 5
573 5
2835 5
140 5
739 5
166 5
2836 5
2837 5
193 5
99 5
2838 5
2839 5
2840 5
2841 5
2842 5
2843 5
107 5
743 5
59 5
2844 5
1547 5
2845 5
2846 5
2439 5
100 5
2847 5
2848 5
2849 5
2850 5
2851 5
2852 5
94 5
42 5
2853 5
2854 5
2855 5
2856 5
1341 5
2857 5
2858 5
2859 5
2860 5
2861 5
1927 5
2862 5
160 5
2863 5
113 5
735 5
2864 5
2865 5
2866 5
2867 5
2868 5
2869 5
87 5
2870 5
2871 5
2872 5
852 5
2873 5
1698 5
2874 5
2875 5
2876 5
2877 5
718 5
2878 5
2879 5
2880 5
2881 5
2882 5
2883 5
2342 5
2884 5
2885 5
2886 5
2887 5
280 5
2888 5
2889 5
2890 5
2891 5
134 5
141 5
2892 5
666 5
2893 5
2894 5
1257 5
2895 5
90 5
2896 5
2897 5
2898 5
2899 5
2900 5
2901 5
1856 5
2902 5
2903 5
2904 5
2905 5
2906 5
2907 5
2908 5
2909 5
269 5
2910 5
2911 5
2912 5
2913 5
2914 5
2915 5
2916 5
2917 5
2918 5
2919 5
154 5
2920 5
2921 5
2922 5
2923 5
2924 5
2925 5
773 5
2926 5
2927 5
2928 5
2929 5
2930 5
2931 5
1065 5
2932 5
2933 5
2934 5
2935 5
1241 5
2936 5
2937 5
2938 5
2939 5
2940 5
2941 5
2942 5
530 5
272 5
2943 5
2944 5
328 5
2945 5
2946 5
2947 5
2948 5
2949 5
2950 5
2951 5
2952 5
2953 5
2954 5
2955 5
2956 5
173 5
2957 5
2958 5
2959 5
2960 5
183 5
2961 5
2962 5
2963 5
2964 5
2965 5
2966 5
2967 5
1192 5
2968 5
2969 5
2970 5
2971 5
2972 5
188 5
189 5
2973 5
78 5
2974 5
2975 5
2976 5
2977 5
2978 5
2979 5
2980 5
1851 5
2981 5
2982 5
2983 5
2984 5
86 5
2985 5
195 5
2986 5
2987 5
2988 5
2989 5
2990 5
2991 5
2992 5
2993 5
2994 5
1175 5
2995 5
204 5
2687 5
978 5
2996 5
2467 5
229 5
2997 5
210 5
2998 5
2999 5
112 5
3000 5
3001 5
231 5
3002 5
3003 5
3004 5
628 5
3005 5
3006 5
3007 5
3008 5
3009 5
1740 5
3010 5
2327 5
993 5
325 5
3011 5
3012 5
1345 5
168 5
3013 5
3014 5
3015 5
3016 5
3017 5
3018 5
3019 5
3020 5
3021 5
1144 5
3022 5
3023 5
200 5
3024 5
3025 5
3026 5
1367 5
3027 5
260 5
900 5
3028 5
3029 5
261 5
914 5
3030 5
3031 5
3032 5
3033 5
3034 5
3035 5
3036 5
3037 5
3038 5
3039 5
3040 5
3041 5
3042 5
3043 5
201 5
216 5
3044 5
3045 5
3046 5
3047 5
3048 5
1475 5
3049 5
3050 5
3051 5
3052 5
3053 5
267 5
3054 5
3055 5
3056 5
457 5
3057 5
3058 5
3059 5
3060 5
3061 5
3062 5
10 5
3063 5
873 5
265 5
1498 5
3064 5
3065 5
3066 5
2365 5
431 5
3067 5
1202 5
126 5
248 5
279 5
3068 5
3069 5
165 5
3070 5
3071 5
3072 5
3073 5
3074 5
3075 5
3076 5
3077 5
256 5
3078 5
3079 5
3080 5
3081 5
3082 5
3083 5
3084 5
3085 5
3086 5
3087 5
3088 5
3089 5
287 5
2419 5
3090 5
299 5
3091 5
3092 5
3093 5
3094 5
116 5
3095 5
300 5
3096 5
3097 5
3098 5
3099 5
3100 5
3101 5
271 5
3102 5
304 5
3103 5
3104 5
931 5
294 5
3105 5
306 5
3106 5
3107 5
3108 5
1332 5
3109 5
3110 5
3111 5
3112 5
3113 5
3114 5
3115 5
3116 5
3117 5
3118 5
3119 5
103 5
3120 5
3121 5
1491 5
3122 5
3123 5
3124 5
2406 5
3125 5
3126 5
3127 5
3128 5
3129 5
2057 5
1726 5
3130 5
3131 5
3132 5
3133 5
292 5
3134 5
3135 5
2047 5
3136 5
129 5
320 5
3137 5
3138 5
3139 5
3140 5
3141 5
3142 5
1489 5
3143 5
3144 5
3145 5
3146 5
3147 5
3148 5
3149 5
3150 5
3151 5
1437 5
3152 5
3153 5
1082 5
3154 5
576 5
230 5
3155 5
3156 5
3157 5
3158 5
3159 5
3160 5
3161 5
3162 5
3163 5
973 5
3164 5
3165 5
3166 5
3167 5
3168 5
3169 5
3170 5
2726 5
1689 5
3171 5
136 5
3172 5
202 5
3173 5
3174 5
3175 5
3176 5
3177 5
3178 5
3179 5
3180 5
3181 5
3182 5
3183 5
3184 5
3185 5
1431 5
3186 5
344 5
3187 5
3188 5
1353 5
3189 5
3190 5
3191 5
3192 5
3193 5
3194 5
3195 5
38 5
3196 5
1380 5
3197 5
3198 5
3199 5
358 5
2734 5
3200 5
2527 5
3201 5
3202 5
3203 5
3204 5
389 5
295 5
391 5
3205 5
356 5
1691 5
3206 5
1412 5
3207 5
3208 5
399 5
3209 5
1177 5
3210 5
3211 5
3212 5
3213 5
3214 5
3215 5
3216 5
3217 5
565 5
3218 5
3219 5
1244 5
3220 5
3221 5
3222 5
3223 5
3224 5
3225 5
3226 5
3227 5
3228 5
2573 5
2746 5
3229 5
3230 5
3231 5
3232 5
3233 5
1500 5
375 5
3234 5
3235 5
3236 5
410 5
3237 5
3238 5
1118 5
3239 5
412 5
11 13
0 13
1706 13
3240 13
4 13
3241 13
3242 13
459 13
3243 13
340 13
3244 13
3 13
462 13
3245 13
3246 13
2605 13
436 13
3247 13
3248 13
83 13
185 13
311 13
3249 13
3250 13
75 13
239 13
2 13
56 13
3251 13
3080 13
3252 13
67 13
3253 13
70 13
77 13
71 13
73 13
94 13
576 13
1463 13
279 13
1973 13
3254 13
3255 13
3256 13
328 13
1085 13
733 13
99 13
3257 13
3258 13
2414 13
110 13
1870 13
3259 13
295 13
3260 13
59 13
3261 13
113 13
2489 13
431 13
141 13
134 13
3262 13
117 13
780 13
149 13
154 13
126 13
3263 13
3264 13
1341 13
739 13
373 13
2625 13
3265 13
280 13
3266 13
223 13
1192 13
183 13
3267 13
178 13
276 13
3268 13
189 13
195 13
1177 13
140 13
166 13
87 13
98 13
204 13
72 13
514 13
229 13
1163 13
3269 13
210 13
565 13
1630 13
1345 13
164 13
3270 13
270 13
192 13
256 13
1241 13
253 13
3271 13
259 13
265 13
129 13
2365 13
89 13
3272 13
201 13
325 13
160 13
248 13
92 13
3273 13
36 13
271 13
287 13
172 13
299 13
267 13
272 13
193 13
321 13
304 13
300 13
3274 13
78 13
306 13
2387 13
112 13
320 13
165 13
200 13
269 13
1316 13
315 13
1493 13
3275 13
344 13
205 13
387 13
358 13
3214 13
381 13
3276 13
3277 13
385 13
3278 13
2733 13
389 13
367 13
399 13
382 13
433 13
3279 13
407 13
0 26
3 26
1452 26
2589 26
4 26
3280 26
3281 26
2 26
1367 26
67 26
3282 26
3283 26
3284 26
83 26
3285 26
3286 26
136 26
99 26
3287 26
3288 26
107 26
685 26
1472 26
3289 26
134 26
1474 26
735 26
154 26
1675 26
200 26
195 26
183 26
2197 26
204 26
210 26
141 26
2940 26
189 26
223 26
253 26
259 26
265 26
193 26
248 26
272 26
113 26
112 26
299 26
280 26
1241 26
36 26
304 26
72 26
271 26
172 26
279 26
135 26
267 26
129 26
306 26
3290 26
3291 26
3201 26
300 26
3292 26
192 26
399 26
3255 26
0 8
3 8
1675 8
3293 8
3294 8
3295 8
2582 8
4 8
93 8
3296 8
3297 8
2762 8
1437 8
3298 8
3299 8
3300 8
3301 8
3302 8
3303 8
3304 8
3305 8
422 8
2590 8
3306 8
3307 8
1741 8
2344 8
3308 8
1856 8
60 8
2770 8
2869 8
443 8
2391 8
3309 8
43 8
3310 8
28 8
3311 8
27 8
1672 8
3312 8
2470 8
3313 8
2811 8
3314 8
3315 8
3316 8
1851 8
3098 8
3317 8
3318 8
3319 8
131 8
67 8
3320 8
3321 8
3322 8
3323 8
3324 8
3081 8
328 8
3325 8
514 8
628 8
1483 8
852 8
3326 8
239 8
3327 8
1766 8
1367 8
3328 8
3329 8
59 8
3330 8
2467 8
116 8
3331 8
530 8
3332 8
1163 8
3333 8
99 8
294 8
2815 8
3334 8
3335 8
3336 8
104 8
1056 8
107 8
3258 8
3337 8
1177 8
3338 8
10 8
3339 8
81 8
3340 8
162 8
3341 8
113 8
2027 8
1014 8
166 8
1224 8
3342 8
1018 8
92 8
250 8
3343 8
3344 8
3345 8
3346 8
1928 8
82 8
3347 8
3348 8
38 8
3349 8
3350 8
731 8
2667 8
3351 8
3352 8
141 8
1244 8
3353 8
237 8
3354 8
3355 8
1555 8
149 8
156 8
3356 8
318 8
3357 8
1489 8
154 8
1482 8
2059 8
3358 8
321 8
3359 8
682 8
134 8
292 8
1129 8
373 8
193 8
3360 8
3361 8
96 8
3362 8
3363 8
1077 8
1350 8
1283 8
168 8
3364 8
3365 8
1698 8
3366 8
126 8
3367 8
3368 8
2351 8
3369 8
1316 8
129 8
3370 8
183 8
189 8
3371 8
431 8
3372 8
195 8
236 8
2643 8
3029 8
3373 8
143 8
317 8
3374 8
1085 8
3375 8
272 8
204 8
697 8
1917 8
733 8
3376 8
2687 8
210 8
1192 8
405 8
3377 8
3378 8
3379 8
201 8
3380 8
3381 8
223 8
352 8
650 8
234 8
1175 8
2488 8
2598 8
3382 8
256 8
72 8
2353 8
3383 8
3384 8
75 8
3385 8
140 8
2703 8
375 8
179 8
160 8
279 8
3080 8
83 8
2700 8
565 8
1081 8
3386 8
265 8
35 8
408 8
325 8
114 8
269 8
172 8
200 8
3387 8
793 8
280 8
248 8
177 8
2824 8
276 8
267 8
87 8
270 8
3388 8
3389 8
1475 8
287 8
1341 8
299 8
2164 8
3390 8
65 8
304 8
3391 8
106 8
3392 8
36 8
300 8
112 8
3393 8
3394 8
3395 8
1257 8
315 8
3396 8
164 8
90 8
271 8
165 8
320 8
3397 8
1689 8
1495 8
576 8
101 8
1843 8
3398 8
3399 8
2386 8
306 8
880 8
411 8
1654 8
1467 8
1579 8
3400 8
78 8
3401 8
229 8
2197 8
2974 8
3215 8
3277 8
362 8
3402 8
3214 8
3403 8
3278 8
3404 8
3200 8
364 8
382 8
3405 8
3406 8
357 8
2732 8
359 8
3407 8
3408 8
231 8
3409 8
3410 8
3411 8
3412 8
3413 8
3414 8
136 8
3415 8
3416 8
139 8
739 8
399 8
2242 8
3417 8
410 8
860 8
412 8
3 17
4 17
265 17
2057 17
67 17
322 17
71 17
73 17
77 17
389 17
83 17
172 17
3418 17
271 17
3419 17
99 17
3420 17
140 17
395 17
3421 17
154 17
3422 17
2094 17
3423 17
3424 17
3425 17
2136 17
3426 17
3427 17
3428 17
223 17
183 17
141 17
204 17
210 17
2265 17
3429 17
3430 17
248 17
36 17
3431 17
306 17
320 17
338 17
2928 25
3432 25
4 25
0 25
3433 25
3434 25
3435 25
260 25
121 25
67 25
70 25
3436 25
3098 25
3437 25
1055 25
3438 25
99 25
3439 25
185 25
3440 25
3441 25
3 25
375 25
3442 25
3443 25
134 25
141 25
3444 25
3445 25
3446 25
263 25
154 25
3447 25
1163 25
3448 25
438 25
793 25
183 25
109 25
3449 25
1341 25
3450 25
697 25
239 25
210 25
3451 25
3452 25
3453 25
79 25
3454 25
3342 25
3455 25
3456 25
83 25
3045 25
253 25
168 25
265 25
3457 25
259 25
276 25
36 25
298 25
299 25
3458 25
287 25
126 25
267 25
1014 25
304 25
113 25
300 25
3174 25
320 25
3459 25
201 25
3460 25
306 25
172 25
3461 25
202 25
3462 25
3463 25
2467 25
1380 25
280 25
193 25
1332 25
3464 25
389 25
192 25
399 25
2419 25
407 25
1081 25
2 2
4 2
3465 2
3 2
1129 2
3466 2
3467 2
3468 2
3469 2
3470 2
3471 2
3472 2
3473 2
3474 2
3475 2
473 2
3476 2
1675 2
3477 2
3478 2
173 2
135 2
3479 2
2569 2
3480 2
650 2
3481 2
3482 2
291 2
3483 2
3484 2
3313 2
1244 2
3485 2
2406 2
2439 2
3308 2
3486 2
2440 2
3299 2
3487 2
3488 2
1843 2
90 2
3489 2
36 2
3490 2
98 2
1489 2
3491 2
3492 2
10 2
3493 2
2391 2
3494 2
3495 2
3496 2
3497 2
317 2
2551 2
3498 2
931 2
3499 2
3500 2
3501 2
78 2
279 2
200 2
530 2
270 2
3502 2
280 2
72 2
3503 2
185 2
3504 2
325 2
3505 2
129 2
2811 2
67 2
3506 2
3507 2
3508 2
3509 2
71 2
73 2
3510 2
77 2
3511 2
267 2
276 2
87 2
82 2
3512 2
211 2
3513 2
59 2
3514 2
3515 2
3516 2
126 2
193 2
3517 2
3518 2
106 2
533 2
3519 2
682 2
83 2
229 2
201 2
3520 2
3521 2
3522 2
2815 2
172 2
1518 2
89 2
3523 2
3524 2
256 2
3525 2
3526 2
3527 2
167 2
116 2
3528 2
3255 2
2027 2
3529 2
86 2
3530 2
433 2
260 2
140 2
271 2
3531 2
3532 2
3533 2
3534 2
3535 2
3081 2
2625 2
112 2
165 2
3536 2
3537 2
1065 2
3538 2
1726 2
298 2
3539 2
3540 2
160 2
3098 2
3541 2
3542 2
3323 2
3543 2
1927 2
322 2
3544 2
743 2
3545 2
3546 2
3547 2
1856 2
1224 2
166 2
3548 2
117 2
3549 2
3550 2
269 2
99 2
3551 2
3552 2
3553 2
1654 2
3554 2
3555 2
3556 2
3557 2
1868 2
3558 2
109 2
3559 2
3560 2
3561 2
1014 2
3562 2
852 2
266 2
3563 2
178 2
2869 2
3564 2
3565 2
3566 2
263 2
3567 2
3568 2
272 2
3569 2
3372 2
3570 2
104 2
3571 2
3572 2
3573 2
2913 2
2344 2
3574 2
3575 2
3576 2
3577 2
3578 2
295 2
3579 2
1316 2
3580 2
1870 2
3581 2
2854 2
3582 2
3583 2
3584 2
92 2
3585 2
3586 2
94 2
375 2
3587 2
3588 2
2387 2
321 2
2974 2
3589 2
3590 2
3591 2
3592 2
3593 2
352 2
3594 2
3595 2
3596 2
3597 2
3598 2
3599 2
3600 2
3601 2
3602 2
3603 2
3604 2
3605 2
3606 2
3607 2
3608 2
3609 2
1144 2
3610 2
3611 2
3612 2
3613 2
202 2
3614 2
3615 2
3616 2
3452 2
3617 2
3618 2
1917 2
3619 2
3620 2
3621 2
3622 2
3623 2
134 2
3624 2
3625 2
93 2
3626 2
3627 2
179 2
3628 2
3629 2
3630 2
3631 2
3632 2
3633 2
177 2
3634 2
149 2
136 2
1373 2
3635 2
3636 2
3637 2
3638 2
1676 2
3639 2
3640 2
3641 2
1491 2
3642 2
154 2
102 2
3643 2
3644 2
3645 2
3646 2
3647 2
3648 2
3649 2
3650 2
3651 2
3652 2
3653 2
3654 2
3655 2
3656 2
3657 2
3658 2
3659 2
3660 2
3661 2
3662 2
3663 2
3664 2
3665 2
3666 2
3667 2
3668 2
3669 2
3670 2
3671 2
3672 2
3673 2
3674 2
3675 2
3676 2
3677 2
115 2
3678 2
3679 2
3680 2
3681 2
3682 2
3683 2
318 2
3684 2
3685 2
3686 2
3687 2
3688 2
3689 2
3690 2
3691 2
3692 2
3693 2
3694 2
3695 2
3696 2
3697 2
3698 2
1495 2
3699 2
3700 2
208 2
3701 2
3702 2
3703 2
3704 2
1689 2
3705 2
3706 2
3707 2
3708 2
3709 2
237 2
3710 2
3711 2
3712 2
3713 2
3714 2
3715 2
3716 2
3717 2
3718 2
3719 2
174 2
2942 2
3720 2
3721 2
3722 2
3723 2
3724 2
2754 2
3725 2
164 2
3726 2
3727 2
1081 2
147 2
3728 2
2703 2
3729 2
1175 2
224 2
2973 2
3730 2
250 2
3731 2
3732 2
3733 2
3734 2
3735 2
3736 2
3737 2
3738 2
3739 2
3740 2
3741 2
3742 2
3743 2
3744 2
3745 2
3746 2
1177 2
3747 2
192 2
3748 2
3749 2
3750 2
3751 2
3752 2
3753 2
181 2
3754 2
205 2
3755 2
183 2
3756 2
3757 2
223 2
3758 2
3759 2
3760 2
3761 2
3762 2
3763 2
3764 2
3765 2
189 2
3766 2
162 2
231 2
3767 2
3768 2
3769 2
3770 2
3771 2
3772 2
3773 2
2824 2
3774 2
1528 2
3775 2
3776 2
3777 2
880 2
565 2
3778 2
3779 2
3780 2
3781 2
3782 2
3783 2
3784 2
3785 2
405 2
2554 2
3786 2
3787 2
3788 2
3789 2
3790 2
75 2
3791 2
3792 2
3793 2
3794 2
3795 2
3796 2
3797 2
240 2
3798 2
3799 2
3800 2
3801 2
3802 2
3803 2
3804 2
2489 2
3805 2
1766 2
3806 2
3807 2
3808 2
3809 2
3810 2
3811 2
3812 2
2523 2
3813 2
3814 2
3815 2
407 2
3816 2
3817 2
3818 2
1851 2
3819 2
3820 2
1093 2
3821 2
3822 2
411 2
101 2
204 2
3823 2
3824 2
3825 2
1206 2
3826 2
3827 2
2687 2
3828 2
210 2
3829 2
3830 2
3831 2
3832 2
3833 2
3834 2
3835 2
3836 2
3837 2
1498 2
3838 2
3839 2
3840 2
3841 2
3043 2
3842 2
3843 2
1672 2
3844 2
3845 2
2102 2
3846 2
1196 2
3847 2
3848 2
3849 2
3850 2
3851 2
3852 2
3853 2
3854 2
3855 2
3856 2
3857 2
3858 2
3859 2
3860 2
3861 2
3862 2
3863 2
3864 2
3865 2
3866 2
3867 2
3868 2
239 2
3869 2
3870 2
3871 2
3872 2
3873 2
3874 2
3875 2
3876 2
3877 2
3878 2
3879 2
3880 2
3264 2
234 2
3881 2
2414 2
1332 2
3882 2
3883 2
3884 2
3885 2
3886 2
873 2
3887 2
3888 2
1641 2
3889 2
3890 2
3891 2
3892 2
3893 2
3894 2
3895 2
3896 2
3897 2
1492 2
3898 2
3899 2
3900 2
3901 2
3902 2
3903 2
3904 2
3905 2
3906 2
3907 2
3908 2
3909 2
3910 2
3911 2
3912 2
3913 2
3914 2
3915 2
3916 2
3917 2
3918 2
3919 2
3386 2
3920 2
143 2
3921 2
2311 2
3922 2
3923 2
3924 2
3925 2
3926 2
3927 2
773 2
3928 2
3929 2
3930 2
3931 2
3932 2
3933 2
3934 2
3935 2
3936 2
3937 2
2488 2
3938 2
3939 2
3940 2
3941 2
3942 2
3943 2
3944 2
3945 2
3946 2
872 2
3947 2
3948 2
3949 2
3950 2
5 2
248 2
3951 2
3952 2
3953 2
3954 2
3955 2
3956 2
3957 2
3254 2
3958 2
3959 2
3960 2
3961 2
333 2
3962 2
3963 2
3964 2
259 2
3965 2
3966 2
3967 2
3968 2
2353 2
3969 2
3970 2
3971 2
3972 2
3973 2
3974 2
3975 2
3976 2
3977 2
3978 2
3979 2
3980 2
3981 2
3059 2
103 2
2386 2
3982 2
216 2
1483 2
3983 2
3984 2
3985 2
3986 2
3987 2
3988 2
3989 2
3990 2
3991 2
3992 2
3993 2
265 2
3994 2
3995 2
3996 2
3997 2
3998 2
3999 2
4000 2
4001 2
4002 2
4003 2
4004 2
4005 2
4006 2
4007 2
4008 2
4009 2
4010 2
4011 2
4012 2
4013 2
4014 2
4015 2
4016 2
4017 2
1051 2
4018 2
4019 2
4020 2
1664 2
4021 2
4022 2
4023 2
4024 2
4025 2
1475 2
4026 2
4027 2
4028 2
4029 2
4030 2
1286 2
4031 2
4032 2
4033 2
4034 2
4035 2
4036 2
4037 2
4038 2
4039 2
4040 2
4041 2
4042 2
4043 2
4044 2
4045 2
4046 2
4047 2
4048 2
4049 2
4050 2
4051 2
4052 2
4053 2
4054 2
4055 2
4056 2
299 2
4057 2
4058 2
4059 2
4060 2
4061 2
4062 2
4063 2
4064 2
4065 2
2910 2
4066 2
726 2
4067 2
4068 2
4069 2
4070 2
4071 2
4072 2
4073 2
4074 2
4075 2
4076 2
287 2
4077 2
1226 2
4078 2
1220 2
4079 2
4080 2
4081 2
1118 2
735 2
4082 2
4083 2
4084 2
4085 2
4086 2
4087 2
4088 2
4089 2
4090 2
4091 2
4092 2
4093 2
4094 2
4095 2
4096 2
4097 2
4098 2
4099 2
4100 2
4101 2
4102 2
3051 2
4103 2
4104 2
300 2
3161 2
4105 2
4106 2
4107 2
4108 2
4109 2
4110 2
4111 2
4112 2
4113 2
4114 2
4115 2
4116 2
4117 2
4118 2
4119 2
4120 2
3097 2
4121 2
4122 2
4123 2
4124 2
4125 2
4126 2
4127 2
4128 2
4129 2
4130 2
4131 2
4132 2
4133 2
4134 2
4135 2
4136 2
3156 2
4137 2
4138 2
4139 2
3131 2
4140 2
4141 2
4142 2
4143 2
4144 2
4145 2
4146 2
4147 2
4148 2
4149 2
4150 2
4151 2
4152 2
4153 2
4154 2
4155 2
4156 2
4157 2
4158 2
304 2
4159 2
4160 2
4161 2
4162 2
4163 2
4164 2
4165 2
4166 2
4167 2
4168 2
4169 2
4170 2
4171 2
4172 2
4173 2
230 2
4174 2
4175 2
4176 2
4177 2
4178 2
171 2
4179 2
4180 2
4181 2
4182 2
4183 2
306 2
4184 2
4185 2
4186 2
4187 2
4188 2
4189 2
4190 2
4191 2
4192 2
883 2
4193 2
328 2
4194 2
2164 2
4195 2
4196 2
4197 2
4198 2
914 2
4199 2
4200 2
4201 2
1130 2
4202 2
4203 2
4204 2
4205 2
26 2
4206 2
4207 2
319 2
3120 2
114 2
4208 2
4209 2
639 2
4210 2
4211 2
3180 2
141 2
4212 2
4213 2
320 2
4214 2
4215 2
4216 2
4217 2
2573 2
4218 2
4219 2
79 2
4220 2
4221 2
4222 2
4223 2
4224 2
4225 2
4226 2
4227 2
4228 2
4229 2
4230 2
4231 2
4232 2
4233 2
4234 2
2621 2
4235 2
199 2
4236 2
4237 2
4238 2
4239 2
4240 2
4241 2
3137 2
4242 2
4243 2
4244 2
4245 2
2197 2
4246 2
4247 2
4248 2
4249 2
4250 2
4251 2
4252 2
4253 2
4254 2
4255 2
4256 2
4257 2
4258 2
4259 2
4260 2
2516 2
4261 2
4262 2
4263 2
4264 2
4265 2
4266 2
4267 2
1186 2
4268 2
4269 2
293 2
4270 2
4271 2
4272 2
2158 2
4273 2
4274 2
4275 2
4276 2
4277 2
4278 2
4279 2
4280 2
4281 2
4282 2
4283 2
4284 2
4285 2
4286 2
4287 2
4288 2
4289 2
2928 2
4290 2
4291 2
4292 2
4293 2
4294 2
4295 2
4296 2
4297 2
4298 2
338 2
4299 2
697 2
4300 2
4301 2
4302 2
4303 2
96 2
4304 2
4305 2
4306 2
4307 2
4308 2
4309 2
4310 2
4311 2
706 2
4312 2
2543 2
4313 2
4314 2
42 2
4315 2
2484 2
4316 2
4317 2
4318 2
401 2
1431 2
4319 2
4320 2
4321 2
344 2
4322 2
4323 2
4324 2
4325 2
4326 2
3117 2
4327 2
4328 2
4329 2
4330 2
4331 2
4332 2
1241 2
4333 2
4334 2
4335 2
4336 2
4337 2
4338 2
4339 2
4340 2
4341 2
4342 2
4343 2
4344 2
4345 2
4346 2
4347 2
4348 2
4349 2
4350 2
4351 2
4352 2
4353 2
4354 2
4355 2
4356 2
4357 2
4358 2
4359 2
4360 2
4361 2
4362 2
4363 2
4364 2
4365 2
4366 2
4367 2
4368 2
4369 2
4370 2
4371 2
4372 2
4373 2
4374 2
4375 2
4376 2
4377 2
4378 2
1368 2
379 2
4379 2
4380 2
3173 2
4381 2
4382 2
4383 2
4384 2
4385 2
4386 2
4387 2
1345 2
4388 2
4389 2
4390 2
4391 2
363 2
2383 2
4392 2
367 2
4393 2
1691 2
360 2
3201 2
3410 2
2736 2
3277 2
3292 2
381 2
1391 2
361 2
3413 2
358 2
4394 2
3402 2
376 2
386 2
362 2
372 2
1387 2
353 2
371 2
380 2
4395 2
2731 2
383 2
3405 2
3215 2
378 2
387 2
4396 2
3276 2
382 2
368 2
2732 2
366 2
3464 2
4397 2
4398 2
1407 2
3403 2
377 2
3200 2
2733 2
4399 2
3278 2
1412 2
356 2
357 2
2734 2
3214 2
2528 2
4400 2
1399 2
1411 2
385 2
4401 2
4402 2
2527 2
2735 2
3406 2
4403 2
4404 2
4405 2
4406 2
391 2
4407 2
4408 2
4409 2
4410 2
4411 2
4412 2
4413 2
4414 2
4415 2
2256 2
3290 2
4416 2
4417 2
4418 2
4419 2
399 2
4420 2
4421 2
4422 2
4423 2
168 2
4424 2
4425 2
4426 2
4427 2
4428 2
4429 2
4430 2
4431 2
4432 2
4433 2
4434 2
4435 2
4436 2
4437 2
4438 2
4439 2
4440 2
4441 2
4442 2
4443 2
4444 2
4445 2
4446 2
4447 2
292 2
316 2
4448 2
4449 2
4450 2
4451 2
4452 2
4453 2
4454 2
4455 2
4456 2
4457 2
2036 2
3225 2
3230 2
4458 2
4459 2
1397 2
4460 2
4461 2
4462 2
4463 2
4464 2
4465 2
286 2
4466 2
4467 2
107 2
4468 2
4469 2
4470 2
2470 2
4471 2
4472 2
410 2
4473 2
3208 2
4474 2
412 2
4475 2
0 16
459 16
4476 16
1746 16
75 16
4477 16
3 16
4 16
1851 16
230 16
4478 16
179 16
4479 16
125 16
4480 16
4481 16
4482 16
266 16
1870 16
4483 16
438 16
2761 16
4484 16
67 16
4485 16
4486 16
4487 16
70 16
2754 16
83 16
1738 16
4488 16
628 16
4489 16
96 16
4490 16
4491 16
1724 16
4492 16
291 16
4493 16
726 16
4494 16
650 16
4495 16
4496 16
3330 16
3132 16
4497 16
1698 16
4498 16
4499 16
4500 16
94 16
4501 16
4502 16
4503 16
2489 16
4504 16
99 16
10 16
4505 16
4506 16
4507 16
4508 16
117 16
78 16
406 16
4509 16
1856 16
4510 16
1518 16
1752 16
4511 16
82 16
177 16
65 16
3045 16
3326 16
4512 16
1344 16
4513 16
2440 16
4514 16
4515 16
4516 16
1961 16
113 16
4517 16
4518 16
4519 16
4520 16
4521 16
4522 16
883 16
250 16
141 16
4523 16
4524 16
134 16
3359 16
1843 16
4525 16
4526 16
4527 16
743 16
4528 16
375 16
4529 16
4530 16
4531 16
4532 16
98 16
4533 16
154 16
234 16
4534 16
4535 16
4536 16
3372 16
4537 16
4538 16
4539 16
4540 16
4541 16
4542 16
4543 16
4544 16
1766 16
2543 16
4545 16
149 16
4546 16
162 16
103 16
4547 16
90 16
4548 16
3820 16
181 16
4549 16
4550 16
4551 16
4552 16
4553 16
183 16
4554 16
4555 16
706 16
1367 16
195 16
4556 16
4557 16
189 16
697 16
4558 16
2824 16
4559 16
4560 16
2673 16
204 16
193 16
2386 16
4561 16
3386 16
2391 16
4562 16
160 16
271 16
210 16
316 16
4563 16
86 16
1077 16
3380 16
4564 16
4565 16
4566 16
4567 16
4568 16
4569 16
4570 16
2854 16
4571 16
773 16
4572 16
4573 16
4574 16
1498 16
106 16
256 16
4575 16
4576 16
2372 16
4577 16
2036 16
4578 16
4579 16
4580 16
208 16
231 16
4581 16
223 16
4582 16
4583 16
4005 16
4584 16
4585 16
4586 16
3273 16
4587 16
4588 16
4589 16
4590 16
263 16
408 16
4591 16
4592 16
4593 16
1492 16
4594 16
265 16
4595 16
4596 16
211 16
4597 16
4598 16
259 16
319 16
3584 16
248 16
4599 16
276 16
87 16
280 16
4600 16
433 16
4601 16
166 16
4602 16
4603 16
165 16
4604 16
4605 16
224 16
2414 16
200 16
299 16
267 16
4606 16
3254 16
4607 16
4608 16
270 16
1144 16
4609 16
4610 16
4611 16
4612 16
295 16
4613 16
4614 16
4615 16
4616 16
373 16
1917 16
304 16
4617 16
4618 16
279 16
4619 16
4620 16
4621 16
36 16
4622 16
4623 16
4624 16
4625 16
4626 16
2488 16
4627 16
4628 16
4629 16
4630 16
202 16
2928 16
431 16
2703 16
4631 16
4632 16
229 16
320 16
4633 16
4634 16
4635 16
4636 16
4637 16
4638 16
4639 16
4640 16
4641 16
4642 16
72 16
4643 16
4644 16
325 16
112 16
4645 16
4646 16
300 16
4647 16
4648 16
4649 16
2516 16
473 16
4650 16
4651 16
4652 16
4653 16
2462 16
81 16
306 16
4654 16
255 16
4655 16
4656 16
4657 16
1627 16
4658 16
4659 16
344 16
4660 16
4661 16
4662 16
4663 16
4664 16
4665 16
4666 16
4364 16
4667 16
4668 16
4669 16
4670 16
1130 16
4671 16
4672 16
4673 16
2742 16
126 16
4674 16
135 16
272 16
4675 16
4676 16
3413 16
383 16
356 16
4395 16
359 16
377 16
4401 16
379 16
4403 16
382 16
366 16
2734 16
4677 16
4678 16
2158 16
4679 16
4680 16
4681 16
2910 16
399 16
4682 16
4683 16
1491 16
4684 16
1726 16
2256 16
4685 16
4686 16
4687 16
140 16
26 16
735 16
167 16
4688 16
391 16
4689 16
4690 16
4691 16
4692 16
4 1
2 1
4693 1
4694 1
3 1
1740 1
4695 1
2440 1
2970 1
4696 1
4697 1
4698 1
4699 1
4700 1
4701 1
3483 1
4702 1
4703 1
1746 1
4704 1
1731 1
4705 1
4706 1
0 1
4707 1
4708 1
89 1
468 1
4709 1
4710 1
4711 1
457 1
4712 1
1452 1
4713 1
45 1
426 1
4714 1
2869 1
4715 1
2928 1
4716 1
4717 1
50 1
15 1
4718 1
4719 1
824 1
4720 1
4721 1
4722 1
4723 1
4724 1
431 1
4725 1
4726 1
4727 1
4728 1
4729 1
4730 1
4731 1
3303 1
4732 1
4733 1
2777 1
4734 1
4735 1
4736 1
4737 1
478 1
31 1
4738 1
60 1
4739 1
3476 1
4740 1
4741 1
4742 1
3247 1
4743 1
4744 1
4745 1
4525 1
4746 1
4747 1
4748 1
4749 1
57 1
75 1
931 1
4750 1
4751 1
4752 1
4753 1
36 1
3311 1
4754 1
3323 1
4755 1
2057 1
4756 1
265 1
67 1
2795 1
4757 1
4758 1
4759 1
4760 1
3320 1
1856 1
4761 1
239 1
4762 1
38 1
4763 1
2602 1
11 1
406 1
4764 1
4765 1
4766 1
4767 1
4479 1
4768 1
4769 1
4770 1
4771 1
4772 1
4773 1
4774 1
316 1
1927 1
2787 1
4775 1
389 1
4776 1
83 1
4777 1
3487 1
4778 1
2764 1
4779 1
61 1
4780 1
4781 1
1742 1
4782 1
4783 1
4784 1
4785 1
4786 1
4787 1
4788 1
4789 1
4790 1
4791 1
4792 1
82 1
4793 1
2760 1
1749 1
4794 1
4795 1
4796 1
4797 1
4798 1
4799 1
2974 1
4800 1
4801 1
4802 1
4803 1
4804 1
3432 1
4805 1
2776 1
4806 1
4807 1
4808 1
4809 1
4810 1
4811 1
3492 1
4812 1
4813 1
4814 1
4815 1
4816 1
2595 1
4817 1
4818 1
4819 1
4820 1
4821 1
4822 1
4823 1
4824 1
4825 1
4826 1
4827 1
4828 1
3242 1
4829 1
4830 1
4831 1
4832 1
480 1
996 1
4833 1
4834 1
4835 1
172 1
4836 1
115 1
4837 1
4838 1
276 1
4839 1
4840 1
201 1
4841 1
263 1
501 1
4842 1
2605 1
1225 1
1509 1
4843 1
270 1
256 1
92 1
126 1
4844 1
4845 1
4846 1
1437 1
271 1
4847 1
4848 1
4849 1
4850 1
2936 1
4851 1
1371 1
101 1
280 1
200 1
193 1
4852 1
72 1
4853 1
2355 1
4854 1
4855 1
70 1
4856 1
4857 1
2791 1
2792 1
2794 1
4858 1
4859 1
10 1
4860 1
4861 1
73 1
71 1
77 1
4862 1
2793 1
4863 1
4864 1
4865 1
4866 1
1085 1
66 1
4867 1
4868 1
4869 1
1192 1
4870 1
4871 1
4872 1
4873 1
4874 1
4875 1
166 1
4876 1
4877 1
1518 1
160 1
267 1
279 1
165 1
4878 1
4879 1
4880 1
4881 1
4882 1
2578 1
4883 1
87 1
112 1
178 1
945 1
229 1
4884 1
4885 1
4886 1
4887 1
140 1
4888 1
530 1
4889 1
4890 1
4891 1
576 1
321 1
4892 1
78 1
272 1
4893 1
4894 1
4895 1
1051 1
4896 1
4897 1
4898 1
4899 1
4900 1
4901 1
4902 1
4903 1
4904 1
4905 1
104 1
4906 1
4907 1
4908 1
4909 1
1928 1
4910 1
4911 1
4912 1
4913 1
4914 1
4915 1
4916 1
4917 1
4918 1
4919 1
4920 1
4921 1
4922 1
4923 1
4924 1
4925 1
1163 1
4926 1
4927 1
4928 1
4929 1
978 1
269 1
4930 1
4931 1
4932 1
4933 1
4934 1
4935 1
4936 1
59 1
4937 1
4938 1
4939 1
1144 1
93 1
4940 1
4941 1
4942 1
473 1
4943 1
4944 1
4945 1
4946 1
3080 1
4947 1
1726 1
3189 1
4948 1
4949 1
4950 1
4951 1
4952 1
4953 1
4954 1
129 1
4955 1
4956 1
107 1
4957 1
4958 1
4959 1
216 1
4960 1
4961 1
4559 1
4962 1
4963 1
4964 1
4965 1
4966 1
4967 1
4968 1
325 1
4969 1
4970 1
587 1
3383 1
4971 1
4972 1
4973 1
4974 1
4975 1
4976 1
81 1
2387 1
4977 1
4978 1
3618 1
4979 1
4980 1
284 1
4981 1
4982 1
4983 1
4984 1
4985 1
4986 1
4987 1
4988 1
4989 1
4990 1
4991 1
4992 1
4993 1
4994 1
173 1
4995 1
4996 1
2716 1
4997 1
4998 1
3481 1
4999 1
5000 1
628 1
5001 1
5002 1
5003 1
5004 1
5005 1
5006 1
1482 1
5007 1
5008 1
5009 1
2344 1
5010 1
533 1
5011 1
5012 1
98 1
5013 1
5014 1
5015 1
5016 1
2467 1
5017 1
1883 1
1973 1
5018 1
120 1
739 1
2633 1
5019 1
5020 1
5021 1
872 1
5022 1
5023 1
1056 1
5024 1
5025 1
5026 1
582 1
99 1
5027 1
3419 1
5028 1
5029 1
5030 1
277 1
5031 1
136 1
3335 1
5032 1
5033 1
5034 1
5035 1
5036 1
5037 1
5038 1
5039 1
5040 1
1341 1
1868 1
1014 1
3422 1
1965 1
5041 1
5042 1
5043 1
5044 1
5045 1
5046 1
5047 1
3371 1
5048 1
5049 1
5050 1
1872 1
5051 1
5052 1
5053 1
5054 1
5055 1
5056 1
5057 1
5058 1
5059 1
5060 1
1006 1
5061 1
3418 1
5062 1
5063 1
706 1
5064 1
1008 1
5065 1
5066 1
5067 1
5068 1
5069 1
5070 1
5071 1
5072 1
5073 1
5074 1
5075 1
407 1
5076 1
5077 1
5078 1
5079 1
5080 1
5081 1
3258 1
5082 1
5083 1
5084 1
84 1
5085 1
5086 1
5087 1
5088 1
5089 1
5090 1
5091 1
2516 1
5092 1
5093 1
5094 1
2386 1
5095 1
5096 1
5097 1
713 1
5098 1
5099 1
5100 1
5101 1
1065 1
2854 1
5102 1
5103 1
696 1
294 1
113 1
5104 1
5105 1
5106 1
5107 1
5108 1
5109 1
5110 1
722 1
5111 1
5112 1
5113 1
5114 1
5115 1
3342 1
5116 1
5117 1
5118 1
5119 1
5120 1
5121 1
5122 1
5123 1
5124 1
110 1
5125 1
5126 1
636 1
5127 1
5128 1
1018 1
1548 1
5129 1
5130 1
5131 1
5132 1
5133 1
5134 1
2811 1
5135 1
5136 1
5137 1
5138 1
5139 1
5140 1
5141 1
5142 1
5143 1
5144 1
5145 1
5146 1
5147 1
913 1
5148 1
5149 1
4641 1
5150 1
5151 1
5152 1
5153 1
5154 1
5155 1
5156 1
5157 1
2569 1
5158 1
5159 1
5160 1
3081 1
1938 1
5161 1
5162 1
5163 1
5164 1
5165 1
5166 1
1472 1
5167 1
35 1
5168 1
5169 1
5170 1
5171 1
5172 1
5173 1
5174 1
5175 1
5176 1
5177 1
5178 1
5179 1
5180 1
5181 1
5182 1
5183 1
5184 1
5185 1
5186 1
5187 1
5188 1
5189 1
5190 1
5191 1
5192 1
731 1
5193 1
3098 1
5194 1
5195 1
5196 1
5197 1
5198 1
5199 1
5200 1
5201 1
5202 1
5203 1
2329 1
5204 1
5205 1
231 1
5206 1
5207 1
5208 1
5209 1
5210 1
5211 1
5212 1
2815 1
5213 1
5214 1
5215 1
5216 1
5217 1
5218 1
26 1
773 1
5219 1
5220 1
5221 1
5222 1
5223 1
1257 1
3597 1
3029 1
5224 1
5225 1
5226 1
5227 1
5228 1
5229 1
5230 1
3770 1
5231 1
5232 1
5233 1
5234 1
5235 1
5236 1
5237 1
5238 1
5239 1
5240 1
131 1
433 1
5241 1
5242 1
5243 1
5244 1
5245 1
5246 1
5247 1
5248 1
5249 1
5250 1
5251 1
5252 1
5253 1
5254 1
5255 1
5256 1
5257 1
5258 1
5259 1
5260 1
395 1
1698 1
5261 1
5262 1
5263 1
5264 1
5265 1
5266 1
5267 1
5268 1
2177 1
5269 1
5270 1
147 1
5271 1
5272 1
5273 1
5274 1
3408 1
5275 1
5276 1
5277 1
5278 1
5279 1
5280 1
5281 1
5282 1
5283 1
5284 1
516 1
5285 1
88 1
3443 1
5286 1
5287 1
5288 1
5289 1
307 1
328 1
5290 1
5291 1
5292 1
5293 1
5294 1
5295 1
5296 1
5297 1
5298 1
5299 1
134 1
5300 1
5301 1
733 1
5302 1
5303 1
5304 1
5305 1
5306 1
5307 1
3452 1
5308 1
5309 1
5310 1
863 1
5311 1
5312 1
5313 1
5314 1
5315 1
5316 1
5317 1
5318 1
514 1
5319 1
5320 1
5321 1
5322 1
5323 1
5324 1
141 1
5325 1
5326 1
5327 1
5328 1
5329 1
5330 1
5331 1
5332 1
438 1
5333 1
5334 1
5335 1
5336 1
860 1
5337 1
5338 1
5339 1
250 1
5340 1
137 1
5341 1
5342 1
5343 1
5344 1
5345 1
5346 1
5347 1
5348 1
5349 1
5350 1
5351 1
5352 1
5353 1
5354 1
149 1
5355 1
5356 1
5357 1
2047 1
5358 1
2194 1
5359 1
2048 1
5360 1
5361 1
5362 1
5363 1
5364 1
5365 1
5366 1
5367 1
5368 1
5369 1
5370 1
5371 1
5372 1
5373 1
5374 1
5375 1
2910 1
5376 1
5377 1
5378 1
5379 1
5380 1
5381 1
5382 1
5383 1
5384 1
5385 1
5386 1
1533 1
5387 1
5388 1
5389 1
5390 1
5391 1
5392 1
5393 1
154 1
2068 1
5394 1
5395 1
2030 1
5396 1
5397 1
5398 1
62 1
5399 1
3643 1
5400 1
5401 1
5402 1
319 1
5403 1
5404 1
5405 1
5406 1
5407 1
5408 1
5409 1
5410 1
5411 1
5412 1
5413 1
5414 1
5415 1
5416 1
5417 1
5418 1
5419 1
2094 1
5420 1
2754 1
224 1
5421 1
5422 1
42 1
5423 1
5424 1
5425 1
5426 1
5427 1
5428 1
5429 1
5430 1
5431 1
5432 1
5433 1
5434 1
5435 1
5436 1
5437 1
5438 1
5439 1
5440 1
5441 1
5442 1
5443 1
5444 1
5445 1
5446 1
5447 1
5448 1
5449 1
5450 1
5451 1
5452 1
5453 1
5454 1
5455 1
292 1
1081 1
5456 1
5457 1
5458 1
5459 1
5460 1
5461 1
5462 1
5463 1
5464 1
5465 1
211 1
5466 1
5467 1
5468 1
5469 1
735 1
5470 1
5471 1
5472 1
405 1
5473 1
5474 1
5475 1
5476 1
237 1
5477 1
5478 1
5479 1
5480 1
5481 1
5482 1
5483 1
4577 1
5484 1
5485 1
5486 1
5487 1
5488 1
5489 1
5490 1
5491 1
5492 1
5493 1
5494 1
5495 1
5496 1
5497 1
5498 1
5499 1
5500 1
5501 1
5502 1
5503 1
5504 1
373 1
5505 1
5506 1
5507 1
5508 1
5509 1
5510 1
5511 1
5512 1
5513 1
4620 1
5514 1
3425 1
2121 1
5515 1
5516 1
5517 1
5518 1
5519 1
5520 1
5521 1
5522 1
5523 1
5524 1
5525 1
5526 1
5527 1
5528 1
5529 1
5530 1
5531 1
5532 1
5533 1
5534 1
5535 1
5536 1
1367 1
174 1
5537 1
5538 1
5539 1
5540 1
5541 1
3267 1
565 1
5542 1
5543 1
5544 1
5545 1
3548 1
2625 1
3648 1
5546 1
5547 1
5548 1
5549 1
5550 1
5551 1
5552 1
5553 1
5554 1
5555 1
5556 1
5557 1
5558 1
5559 1
5560 1
5561 1
5562 1
3426 1
5563 1
5564 1
5565 1
5566 1
5567 1
5568 1
5569 1
5570 1
5571 1
5572 1
5573 1
5574 1
5575 1
5576 1
5577 1
5578 1
5579 1
266 1
5580 1
5581 1
5582 1
5583 1
2155 1
2156 1
5584 1
5585 1
5586 1
5587 1
5588 1
975 1
144 1
5589 1
2372 1
1495 1
5590 1
5591 1
5592 1
5593 1
5594 1
5595 1
5596 1
5597 1
5598 1
179 1
5599 1
5600 1
5601 1
192 1
5602 1
5603 1
5604 1
5605 1
5606 1
5607 1
2136 1
5608 1
181 1
5609 1
5610 1
103 1
5611 1
5612 1
1475 1
4563 1
5613 1
183 1
5614 1
5615 1
5616 1
5617 1
5618 1
5619 1
5620 1
5621 1
5622 1
5623 1
5624 1
5625 1
5626 1
5627 1
413 1
5628 1
5629 1
5630 1
5631 1
5632 1
223 1
5633 1
5634 1
5635 1
5636 1
189 1
5637 1
5638 1
424 1
5639 1
5640 1
5641 1
5642 1
5643 1
5644 1
5645 1
5646 1
2187 1
5647 1
5648 1
5649 1
5650 1
5651 1
5652 1
5653 1
5654 1
5655 1
5656 1
5657 1
5658 1
5659 1
5660 1
5661 1
1129 1
5662 1
5663 1
5664 1
5665 1
5666 1
5667 1
5668 1
5669 1
5670 1
5671 1
5672 1
5673 1
5674 1
5675 1
5676 1
5677 1
5678 1
5679 1
5680 1
5681 1
5682 1
5683 1
5684 1
5685 1
5686 1
195 1
5687 1
5688 1
5689 1
5690 1
2681 1
2940 1
5691 1
5692 1
5693 1
5694 1
5695 1
5696 1
5697 1
5698 1
5699 1
5700 1
5701 1
5702 1
5703 1
5704 1
5705 1
5706 1
5707 1
5708 1
5709 1
5710 1
5711 1
5712 1
5713 1
5714 1
5715 1
5716 1
5717 1
5718 1
5719 1
2206 1
5720 1
5721 1
5722 1
5723 1
5724 1
5725 1
1224 1
5726 1
5727 1
5728 1
5729 1
5730 1
5731 1
5732 1
5733 1
3820 1
5734 1
5735 1
5736 1
5737 1
5738 1
5739 1
5740 1
5741 1
5742 1
5743 1
5744 1
5745 1
5746 1
5747 1
5748 1
5749 1
5750 1
5751 1
5752 1
5753 1
5754 1
5755 1
5756 1
5757 1
5758 1
5759 1
5760 1
5761 1
5762 1
5763 1
5764 1
5765 1
3819 1
5766 1
5767 1
5768 1
5769 1
5770 1
5771 1
5772 1
1344 1
5773 1
5774 1
5775 1
5776 1
5777 1
102 1
5778 1
5779 1
5780 1
5781 1
5782 1
116 1
5783 1
5784 1
5785 1
5786 1
5787 1
5788 1
5789 1
5790 1
5791 1
5792 1
204 1
5793 1
5794 1
5795 1
5796 1
5797 1
5798 1
5799 1
5800 1
2256 1
5801 1
5802 1
5803 1
168 1
5804 1
5805 1
4601 1
5806 1
79 1
5807 1
5808 1
5809 1
5810 1
5811 1
1039 1
255 1
5812 1
2687 1
5813 1
5814 1
210 1
5815 1
5816 1
5817 1
2391 1
5818 1
5819 1
5820 1
5821 1
5822 1
5823 1
5824 1
5825 1
5826 1
5827 1
5828 1
5829 1
5830 1
5831 1
5832 1
5833 1
5834 1
5835 1
5836 1
5837 1
5838 1
5839 1
5840 1
5841 1
5842 1
5843 1
5844 1
5845 1
5846 1
5847 1
5848 1
5849 1
5850 1
286 1
5851 1
5852 1
3518 1
5853 1
5854 1
411 1
5855 1
5856 1
5857 1
5858 1
5859 1
5860 1
5861 1
880 1
5862 1
5863 1
3380 1
5864 1
5865 1
5866 1
5867 1
5868 1
5869 1
5870 1
2264 1
5871 1
5872 1
5873 1
5874 1
5875 1
5876 1
5877 1
5878 1
5879 1
5880 1
5881 1
2265 1
5882 1
5883 1
5884 1
5885 1
5886 1
5887 1
5888 1
5889 1
5890 1
5891 1
5892 1
5893 1
1843 1
5894 1
5895 1
5896 1
5897 1
5898 1
5899 1
5900 1
5901 1
5902 1
5903 1
5904 1
5905 1
5906 1
5907 1
5908 1
5909 1
5910 1
5911 1
5912 1
5913 1
5914 1
5915 1
5916 1
5917 1
5918 1
746 1
5919 1
5920 1
5921 1
5922 1
5923 1
5924 1
5925 1
5926 1
5927 1
4545 1
5928 1
5929 1
5930 1
5931 1
5932 1
5933 1
5934 1
5935 1
5936 1
5937 1
5938 1
5939 1
5940 1
5941 1
5942 1
5943 1
5944 1
5945 1
5946 1
5947 1
5948 1
5949 1
5950 1
5951 1
5952 1
5953 1
5954 1
5955 1
5956 1
5957 1
5958 1
5959 1
5960 1
5961 1
5962 1
5963 1
5964 1
5965 1
5966 1
5967 1
5968 1
5969 1
5970 1
5971 1
199 1
5972 1
2295 1
5973 1
2102 1
1654 1
5974 1
5975 1
2299 1
5976 1
5977 1
5978 1
5979 1
5980 1
5981 1
5982 1
5983 1
171 1
5984 1
5985 1
5986 1
3885 1
5987 1
1676 1
2027 1
5988 1
5989 1
5990 1
5991 1
5992 1
5993 1
5994 1
1124 1
5995 1
5996 1
5997 1
5998 1
5999 1
6000 1
4579 1
6001 1
2489 1
6002 1
6003 1
6004 1
3372 1
1130 1
6005 1
6006 1
6007 1
6008 1
6009 1
6010 1
6011 1
6012 1
6013 1
6014 1
6015 1
6016 1
6017 1
6018 1
6019 1
6020 1
6021 1
6022 1
6023 1
6024 1
6025 1
6026 1
3926 1
6027 1
6028 1
6029 1
6030 1
6031 1
6032 1
6033 1
6034 1
6035 1
6036 1
6037 1
6038 1
6039 1
6040 1
6041 1
6042 1
6043 1
2976 1
6044 1
6045 1
6046 1
6047 1
6048 1
6049 1
3002 1
6050 1
6051 1
6052 1
6053 1
6054 1
6055 1
6056 1
6057 1
6058 1
6059 1
6060 1
6061 1
6062 1
6063 1
3945 1
6064 1
6065 1
1332 1
6066 1
6067 1
6068 1
6069 1
6070 1
6071 1
6072 1
6073 1
6074 1
6075 1
6076 1
6077 1
6078 1
259 1
6079 1
6080 1
6081 1
6082 1
6083 1
6084 1
6085 1
6086 1
6087 1
6088 1
6089 1
6090 1
6091 1
6092 1
6093 1
6094 1
6095 1
6096 1
6097 1
6098 1
6099 1
6100 1
6101 1
6102 1
6103 1
6104 1
6105 1
6106 1
6107 1
6108 1
6109 1
6110 1
253 1
6111 1
6112 1
2197 1
2488 1
3132 1
6113 1
3457 1
1717 1
6114 1
6115 1
6116 1
6117 1
6118 1
6119 1
6120 1
6121 1
6122 1
6123 1
6124 1
6125 1
6126 1
6127 1
6128 1
6129 1
6130 1
6131 1
6132 1
6133 1
6134 1
6135 1
6136 1
6137 1
6138 1
6139 1
2543 1
6140 1
6141 1
6142 1
2406 1
6143 1
6144 1
6145 1
6146 1
6147 1
298 1
6148 1
94 1
6149 1
6150 1
6151 1
6152 1
6153 1
6154 1
2359 1
208 1
6155 1
6156 1
260 1
6157 1
6158 1
6159 1
6160 1
6161 1
6162 1
6163 1
6164 1
6165 1
6166 1
6167 1
6168 1
6169 1
2365 1
6170 1
6171 1
6172 1
6173 1
6174 1
2414 1
6175 1
1244 1
6176 1
3933 1
4012 1
6177 1
3760 1
6178 1
6179 1
248 1
4645 1
1202 1
6180 1
6181 1
6182 1
6183 1
6184 1
6185 1
6186 1
6187 1
6188 1
6189 1
6190 1
6191 1
4029 1
6192 1
6193 1
6194 1
6195 1
2373 1
6196 1
6197 1
6198 1
6199 1
6200 1
6201 1
4036 1
6202 1
6203 1
6204 1
6205 1
6206 1
6207 1
6208 1
6209 1
6210 1
6211 1
6212 1
156 1
6213 1
6214 1
6215 1
6216 1
873 1
6217 1
6218 1
6219 1
6220 1
6221 1
6222 1
6223 1
6224 1
6225 1
6226 1
6227 1
299 1
6228 1
6229 1
6230 1
6231 1
2385 1
6232 1
6233 1
6234 1
3138 1
6235 1
6236 1
6237 1
6238 1
6239 1
6240 1
6241 1
6242 1
6243 1
6244 1
6245 1
6246 1
6247 1
6248 1
6249 1
6250 1
6251 1
6252 1
6253 1
6254 1
6255 1
6256 1
6257 1
6258 1
287 1
6259 1
1226 1
6260 1
6261 1
6262 1
6263 1
6264 1
6265 1
6266 1
6267 1
6268 1
6269 1
6270 1
6271 1
6272 1
6273 1
6274 1
6275 1
6276 1
6277 1
6278 1
6279 1
6280 1
6281 1
6282 1
6283 1
6284 1
6285 1
6286 1
6287 1
650 1
6288 1
6289 1
6290 1
4098 1
6291 1
6292 1
6293 1
6294 1
6295 1
6296 1
6297 1
6298 1
6299 1
300 1
6300 1
6301 1
6302 1
6303 1
6304 1
639 1
6305 1
6306 1
6307 1
6308 1
6309 1
6310 1
3116 1
6311 1
3400 1
6312 1
6313 1
6314 1
1870 1
304 1
6315 1
6316 1
6317 1
2409 1
162 1
6318 1
6319 1
6320 1
6321 1
6322 1
6323 1
6324 1
6325 1
6326 1
6327 1
322 1
6328 1
6329 1
6330 1
1491 1
6331 1
6332 1
1673 1
6333 1
6334 1
6335 1
6336 1
6337 1
6338 1
6339 1
6340 1
6341 1
6342 1
6343 1
6344 1
4372 1
6345 1
6346 1
6347 1
6348 1
6349 1
6350 1
6351 1
6352 1
6353 1
6354 1
2748 1
6355 1
6356 1
6357 1
6358 1
306 1
6359 1
6360 1
6361 1
6362 1
6363 1
6364 1
6365 1
3254 1
6366 1
6367 1
6368 1
6369 1
311 1
6370 1
6371 1
6372 1
185 1
6373 1
6374 1
6375 1
6376 1
6377 1
6378 1
6379 1
6380 1
6381 1
6382 1
6383 1
6384 1
6385 1
6386 1
6387 1
6388 1
6389 1
6390 1
6391 1
6392 1
6393 1
6394 1
6395 1
6396 1
6397 1
6398 1
6399 1
6400 1
6401 1
6402 1
6403 1
6404 1
6405 1
6406 1
6407 1
6408 1
6409 1
6410 1
6411 1
2164 1
6412 1
6413 1
65 1
6414 1
6415 1
6416 1
6417 1
6418 1
6419 1
6420 1
6421 1
6422 1
6423 1
3087 1
6424 1
6425 1
6426 1
6427 1
6428 1
6429 1
320 1
6430 1
6431 1
6432 1
6433 1
6434 1
6435 1
6436 1
6437 1
6438 1
6439 1
6440 1
6441 1
6442 1
6443 1
6444 1
6445 1
682 1
6446 1
6447 1
2749 1
6448 1
6449 1
6450 1
6451 1
6452 1
6453 1
6454 1
6455 1
726 1
4487 1
6456 1
6457 1
6458 1
6459 1
2969 1
6460 1
6461 1
90 1
6462 1
6463 1
6464 1
6465 1
6466 1
1641 1
4241 1
6467 1
6468 1
2462 1
6469 1
6470 1
6471 1
6472 1
6473 1
6474 1
6475 1
6476 1
6477 1
6478 1
6479 1
318 1
6480 1
6481 1
6482 1
4646 1
6483 1
6484 1
4056 1
6485 1
6486 1
6487 1
6488 1
6489 1
6490 1
6491 1
6492 1
6493 1
6494 1
4261 1
6495 1
6496 1
6497 1
3392 1
6498 1
6499 1
6500 1
6501 1
6502 1
6503 1
6504 1
6505 1
6506 1
6507 1
6508 1
6509 1
6510 1
3255 1
6511 1
6512 1
6513 1
6514 1
6515 1
6516 1
6517 1
6518 1
4649 1
6519 1
6520 1
6521 1
6522 1
6523 1
6524 1
6525 1
6526 1
6527 1
315 1
6528 1
6529 1
6530 1
6531 1
6532 1
6533 1
6534 1
973 1
6535 1
4189 1
6536 1
6537 1
1492 1
6538 1
6539 1
1286 1
6540 1
6541 1
6542 1
6543 1
6544 1
6545 1
6546 1
6547 1
338 1
6548 1
6549 1
2725 1
6550 1
6551 1
6552 1
3322 1
6553 1
2383 1
2484 1
6554 1
6555 1
6556 1
6557 1
6558 1
6559 1
2242 1
6560 1
6561 1
6562 1
1345 1
3399 1
6563 1
1766 1
3275 1
6564 1
6565 1
2439 1
6566 1
6567 1
6568 1
6569 1
6570 1
3666 1
6571 1
6572 1
6573 1
6574 1
6575 1
6576 1
6577 1
6578 1
3200 1
6579 1
379 1
6580 1
6581 1
6582 1
1407 1
385 1
6583 1
6584 1
6585 1
6586 1
6587 1
344 1
6588 1
6589 1
6590 1
6591 1
6592 1
6593 1
6594 1
6595 1
6596 1
6597 1
3276 1
6598 1
6599 1
6600 1
6601 1
6602 1
6603 1
6604 1
6605 1
6606 1
6607 1
6608 1
6609 1
1022 1
6610 1
6611 1
6612 1
6613 1
6614 1
6615 1
6616 1
6617 1
6618 1
6619 1
6620 1
3273 1
6621 1
408 1
6622 1
6623 1
6624 1
6625 1
6626 1
6627 1
6628 1
6629 1
4381 1
6630 1
6631 1
6632 1
6633 1
6634 1
6635 1
6636 1
6637 1
6638 1
333 1
6639 1
6640 1
6641 1
6642 1
6643 1
6644 1
6645 1
6646 1
6647 1
6648 1
6649 1
6650 1
6651 1
6652 1
365 1
6653 1
1380 1
6654 1
6655 1
6656 1
6657 1
6658 1
2544 1
6659 1
6660 1
6661 1
6662 1
6663 1
6664 1
6665 1
6666 1
167 1
6667 1
6668 1
6669 1
6670 1
6671 1
6672 1
6673 1
3278 1
6674 1
1412 1
3410 1
2528 1
2733 1
3201 1
387 1
358 1
364 1
3402 1
4399 1
3277 1
354 1
4395 1
371 1
6675 1
382 1
3406 1
362 1
1411 1
1399 1
3403 1
361 1
2735 1
359 1
357 1
384 1
3292 1
4401 1
363 1
2731 1
6676 1
6677 1
6678 1
4403 1
2730 1
360 1
3404 1
3215 1
1387 1
4415 1
368 1
4400 1
3405 1
367 1
369 1
378 1
2527 1
1691 1
4393 1
366 1
377 1
372 1
6679 1
3214 1
2732 1
376 1
1391 1
3210 1
386 1
2734 1
2736 1
4396 1
383 1
6680 1
355 1
380 1
6681 1
6682 1
3413 1
6683 1
6684 1
370 1
6685 1
3464 1
6686 1
356 1
6687 1
6688 1
6689 1
6690 1
6691 1
6692 1
6693 1
391 1
6694 1
6695 1
6696 1
6697 1
6698 1
6699 1
6700 1
6701 1
6702 1
6703 1
6704 1
6705 1
6706 1
6707 1
6708 1
6709 1
6710 1
6711 1
6712 1
3264 1
399 1
6713 1
6714 1
6715 1
6716 1
6717 1
6718 1
6719 1
6720 1
6721 1
6722 1
6723 1
6724 1
6725 1
6726 1
6727 1
6728 1
317 1
6729 1
6730 1
6731 1
6732 1
6733 1
6734 1
6735 1
6736 1
6737 1
1528 1
6738 1
6739 1
6740 1
6741 1
6742 1
2518 1
6743 1
6744 1
6745 1
6746 1
6747 1
6748 1
6749 1
6750 1
6751 1
6752 1
6753 1
6754 1
6755 1
6756 1
6757 1
6758 1
6759 1
6760 1
6761 1
6762 1
6763 1
6764 1
6765 1
6766 1
6767 1
6768 1
6769 1
6770 1
6771 1
6772 1
6773 1
6774 1
6775 1
6776 1
6777 1
6778 1
6779 1
6780 1
6781 1
6782 1
6783 1
1403 1
6784 1
6785 1
6786 1
6787 1
6788 1
6789 1
6790 1
6791 1
6792 1
6793 1
6794 1
6795 1
6796 1
6797 1
6798 1
6799 1
6800 1
6801 1
6802 1
401 1
6803 1
6804 1
6805 1
6806 1
6807 1
6808 1
6809 1
1500 1
6810 1
6811 1
2564 1
6812 1
741 1
6813 1
6814 1
6815 1
6816 1
410 1
202 1
6817 1
6818 1
6819 1
6820 1
4679 1
6821 1
412 1
6822 1
6823 1
6824 1
6825 1
6826 1
6827 1
6828 1
6829 1
6830 1
6831 1
6832 1
3 21
0 21
6833 21
6834 21
4 21
6835 21
1467 21
4491 21
3174 21
6836 21
6837 21
6838 21
6839 21
6840 21
6841 21
67 21
6842 21
438 21
6843 21
144 21
83 21
6844 21
99 21
6845 21
6846 21
6847 21
114 21
2625 21
6848 21
6849 21
3583 21
1371 21
6850 21
6851 21
101 21
6852 21
6853 21
1065 21
6854 21
141 21
6855 21
134 21
154 21
6856 21
6857 21
2516 21
149 21
2622 21
2928 21
183 21
178 21
223 21
5010 21
4645 21
1144 21
6858 21
3372 21
189 21
793 21
210 21
6859 21
6860 21
6861 21
1129 21
395 21
265 21
10 21
160 21
259 21
87 21
270 21
248 21
267 21
113 21
1676 21
287 21
165 21
4171 21
6862 21
299 21
300 21
304 21
36 21
271 21
325 21
6863 21
914 21
4620 21
1675 21
269 21
320 21
193 21
272 21
3160 21
140 21
126 21
4563 21
338 21
773 21
4660 21
6864 21
6865 21
279 21
6866 21
129 21
256 21
406 21
6867 21
6868 21
362 21
3406 21
1412 21
6869 21
4403 21
6870 21
391 21
399 21
229 21
6871 21
6872 21
89 21
412 21
4 24
6873 24
1712 24
1499 24
48 24
0 24
4483 24
1745 24
1504 24
126 24
99 24
141 24
201 24
280 24
134 24
78 24
183 24
269 24
195 24
210 24
160 24
325 24
1649 24
113 24
129 24
271 24
1659 24
279 24
287 24
300 24
304 24
140 24
306 24
267 24
87 24
72 24
1454 24
409 24
276 24
193 24
229 24
412 24
6874 11
0 11
3833 11
4708 11
4 11
1518 11
4792 11
3478 11
2612 11
316 11
24 11
6875 11
3489 11
6876 11
6877 11
3558 11
11 11
3300 11
25 11
2811 11
4660 11
144 11
2885 11
6878 11
3 11
3553 11
2467 11
415 11
3467 11
67 11
6879 11
1014 11
3705 11
1654 11
3482 11
6880 11
6881 11
86 11
3544 11
3474 11
2414 11
83 11
3522 11
6882 11
1367 11
6883 11
2440 11
2027 11
99 11
116 11
179 11
110 11
266 11
81 11
6884 11
6885 11
113 11
6886 11
104 11
6887 11
1065 11
340 11
3028 11
6888 11
5231 11
141 11
6889 11
134 11
793 11
149 11
185 11
94 11
154 11
3486 11
3241 11
166 11
193 11
229 11
6890 11
1498 11
260 11
270 11
183 11
6891 11
6892 11
189 11
195 11
6893 11
96 11
696 11
204 11
172 11
210 11
883 11
6894 11
223 11
126 11
6895 11
1927 11
59 11
276 11
267 11
269 11
259 11
682 11
6896 11
6897 11
265 11
1856 11
129 11
271 11
112 11
325 11
280 11
201 11
1175 11
279 11
272 11
287 11
87 11
200 11
2355 11
321 11
300 11
2974 11
256 11
304 11
78 11
36 11
306 11
6898 11
168 11
2439 11
6899 11
743 11
2342 11
2910 11
291 11
3336 11
320 11
165 11
6900 11
2353 11
2569 11
1201 11
1467 11
6901 11
931 11
140 11
72 11
2528 11
378 11
364 11
6675 11
354 11
1407 11
381 11
3464 11
3276 11
376 11
2731 11
205 11
3278 11
317 11
6902 11
399 11
6903 11
4678 11
706 11
410 11
412 11
6904 11
43 28
61 28
0 28
4 28
6905 28
3 28
6906 28
1452 28
2811 28
98 28
6907 28
6908 28
6909 28
6910 28
6911 28
6912 28
6913 28
83 28
6914 28
341 28
6915 28
6916 28
6917 28
6918 28
6919 28
6920 28
1675 28
6921 28
6922 28
6923 28
6924 28
6925 28
1055 28
67 28
2 28
6926 28
978 28
6927 28
6928 28
6929 28
6930 28
6931 28
6932 28
6933 28
408 28
6934 28
6935 28
6936 28
6937 28
1286 28
6938 28
6939 28
6940 28
6941 28
6942 28
6943 28
6944 28
6945 28
6946 28
6947 28
99 28
42 28
6948 28
6949 28
1437 28
6950 28
6951 28
1752 28
6952 28
6953 28
6954 28
6955 28
6956 28
6957 28
6958 28
6959 28
6960 28
6961 28
6962 28
6963 28
6964 28
26 28
92 28
6965 28
6966 28
6967 28
6968 28
883 28
6969 28
6970 28
6971 28
6972 28
65 28
6973 28
6974 28
270 28
1472 28
6975 28
6976 28
6977 28
6978 28
6979 28
6980 28
6981 28
1474 28
6982 28
1498 28
6983 28
6984 28
134 28
154 28
237 28
6985 28
6986 28
6987 28
6988 28
6989 28
6990 28
1274 28
1144 28
6991 28
107 28
873 28
6992 28
6993 28
6994 28
4171 28
1065 28
6995 28
2387 28
1196 28
183 28
6996 28
160 28
6997 28
6998 28
6999 28
7000 28
7001 28
7002 28
706 28
7003 28
5767 28
433 28
7004 28
189 28
1129 28
7005 28
7006 28
7007 28
2910 28
210 28
7008 28
7009 28
7010 28
5845 28
7011 28
3847 28
7012 28
7013 28
7014 28
7015 28
7016 28
7017 28
7018 28
141 28
7019 28
7020 28
2940 28
7021 28
7022 28
7023 28
900 28
7024 28
7025 28
7026 28
36 28
7027 28
7028 28
7029 28
1367 28
7030 28
7031 28
7032 28
7033 28
6083 28
7034 28
7035 28
236 28
259 28
7036 28
7037 28
7038 28
7039 28
265 28
7040 28
7041 28
7042 28
7043 28
7044 28
860 28
7045 28
2365 28
248 28
7046 28
7047 28
1130 28
7048 28
113 28
256 28
224 28
7049 28
1766 28
200 28
287 28
299 28
7050 28
300 28
304 28
240 28
306 28
7051 28
2465 28
96 28
171 28
7052 28
7053 28
7054 28
320 28
7055 28
1528 28
3452 28
2523 28
2036 28
7056 28
7057 28
162 28
7058 28
7059 28
4797 28
7060 28
267 28
3219 28
7061 28
7062 28
7063 28
112 28
166 28
165 28
375 28
271 28
1380 28
280 28
3080 28
2419 28
7064 28
7065 28
7066 28
7067 28
7068 28
7069 28
793 28
399 28
1257 28
407 28
391 28
7070 28
4678 28
2518 28
7071 28
7072 28
410 28
7073 28
7074 28
1316 28
7075 12
7076 12
7077 12
7078 12
7079 12
7080 12
2795 12
7081 12
4 12
4729 12
7082 12
7083 12
7084 12
0 12
1467 12
48 12
2581 12
3 12
7085 12
239 12
7086 12
30 12
328 12
83 12
7087 12
7088 12
7089 12
279 12
67 12
7090 12
7091 12
2791 12
4858 12
2794 12
4862 12
3253 12
70 12
73 12
77 12
71 12
7092 12
1726 12
1192 12
7093 12
109 12
260 12
7094 12
426 12
7095 12
7096 12
7097 12
7098 12
99 12
7099 12
113 12
2 12
2439 12
7100 12
7101 12
3323 12
36 12
7102 12
7103 12
685 12
2569 12
85 12
7104 12
1971 12
7105 12
200 12
395 12
1316 12
726 12
141 12
154 12
2355 12
134 12
135 12
514 12
149 12
87 12
7106 12
1085 12
94 12
183 12
2406 12
269 12
201 12
5664 12
317 12
195 12
7107 12
735 12
407 12
189 12
7108 12
2489 12
204 12
6234 12
576 12
210 12
3254 12
193 12
7109 12
6900 12
7110 12
7111 12
7112 12
4302 12
298 12
7113 12
2372 12
280 12
7114 12
250 12
5949 12
7115 12
177 12
1130 12
733 12
1341 12
3770 12
7116 12
375 12
253 12
75 12
7117 12
265 12
259 12
1202 12
7118 12
5265 12
1504 12
126 12
6043 12
160 12
325 12
248 12
4189 12
299 12
7119 12
272 12
267 12
256 12
270 12
287 12
706 12
7120 12
406 12
300 12
72 12
304 12
7121 12
78 12
165 12
3174 12
306 12
229 12
10 12
171 12
315 12
172 12
320 12
7122 12
166 12
140 12
3098 12
208 12
1163 12
2484 12
7123 12
3405 12
2928 12
192 12
344 12
7124 12
271 12
112 12
276 12
1380 12
7125 12
7126 12
114 12
7127 12
3403 12
385 12
3278 12
3292 12
389 12
361 12
7128 12
739 12
399 12
2027 12
1431 12
7129 12
7130 12
7131 12
391 12
4703 12
136 12
410 12
412 12
1702 12
7132 23
3 23
4723 23
4 23
4483 23
7133 23
5281 23
7134 23
7135 23
7136 23
7137 23
530 23
1055 23
7138 23
1014 23
7139 23
0 23
7140 23
2467 23
7141 23
7142 23
3318 23
67 23
3483 23
7143 23
7144 23
83 23
7145 23
1518 23
7146 23
7147 23
7148 23
7149 23
7150 23
1489 23
7151 23
7152 23
3408 23
7153 23
2869 23
7154 23
873 23
2 23
426 23
117 23
7155 23
7156 23
7157 23
7158 23
7159 23
7160 23
883 23
7161 23
7162 23
7163 23
7164 23
7165 23
99 23
7166 23
7167 23
7168 23
7169 23
7170 23
7171 23
1726 23
7172 23
2489 23
1316 23
7173 23
533 23
7174 23
7175 23
7176 23
7177 23
7178 23
1130 23
113 23
7179 23
7180 23
36 23
7181 23
7182 23
7183 23
2439 23
7184 23
5097 23
7185 23
7186 23
7187 23
7188 23
7189 23
7190 23
7191 23
7192 23
466 23
1472 23
7193 23
7194 23
628 23
726 23
7195 23
7196 23
141 23
1144 23
7197 23
1474 23
7198 23
173 23
98 23
134 23
682 23
7199 23
154 23
7200 23
7201 23
7202 23
7203 23
7204 23
7205 23
7206 23
7207 23
2414 23
7208 23
7209 23
7210 23
3022 23
7211 23
7212 23
7213 23
162 23
7214 23
1482 23
7215 23
7216 23
6103 23
7217 23
7218 23
160 23
7219 23
1870 23
7220 23
7221 23
7222 23
7223 23
7224 23
7225 23
189 23
7226 23
7227 23
183 23
7228 23
639 23
7229 23
7230 23
195 23
7231 23
2973 23
1175 23
7232 23
3819 23
7233 23
1344 23
166 23
210 23
5858 23
7234 23
223 23
7235 23
171 23
7236 23
7237 23
7238 23
1483 23
7239 23
7240 23
7241 23
773 23
7242 23
7243 23
7244 23
7245 23
7246 23
7247 23
259 23
2854 23
7248 23
2311 23
280 23
3452 23
265 23
7249 23
248 23
1202 23
200 23
279 23
506 23
7250 23
2158 23
7251 23
3273 23
299 23
7252 23
1226 23
7253 23
287 23
294 23
7254 23
7255 23
7256 23
7257 23
6892 23
272 23
7258 23
7259 23
93 23
304 23
65 23
300 23
129 23
7260 23
7261 23
320 23
7262 23
7263 23
269 23
201 23
7264 23
172 23
7265 23
26 23
411 23
462 23
6555 23
7266 23
338 23
7267 23
306 23
7268 23
271 23
192 23
344 23
880 23
7269 23
4601 23
7270 23
2036 23
3386 23
165 23
333 23
256 23
2734 23
2527 23
391 23
7271 23
140 23
7272 23
7273 23
399 23
42 23
1405 23
4678 23
401 23
7274 23
7275 23
7276 23
7277 20
7278 20
1495 20
3 20
0 20
4 20
6724 20
7279 20
7280 20
824 20
317 20
7281 20
2771 20
3433 20
2414 20
7282 20
2811 20
7283 20
7284 20
7285 20
2 20
530 20
7286 20
7287 20
1851 20
7288 20
81 20
7289 20
7290 20
1843 20
7291 20
726 20
1917 20
99 20
2879 20
7292 20
1672 20
1675 20
93 20
5217 20
1641 20
113 20
266 20
7293 20
1766 20
7294 20
696 20
7295 20
134 20
7296 20
7297 20
3372 20
7298 20
154 20
321 20
269 20
506 20
1698 20
2543 20
149 20
6927 20
35 20
2164 20
7299 20
7300 20
6388 20
2489 20
7301 20
7302 20
1344 20
7303 20
291 20
7304 20
7305 20
3045 20
7306 20
7307 20
319 20
2386 20
7308 20
90 20
195 20
7309 20
189 20
7310 20
7311 20
183 20
883 20
639 20
2467 20
210 20
7312 20
945 20
141 20
1006 20
7313 20
3028 20
333 20
104 20
237 20
229 20
3618 20
7314 20
2355 20
2102 20
457 20
179 20
7315 20
7316 20
7317 20
259 20
72 20
292 20
36 20
265 20
199 20
279 20
3132 20
7318 20
7319 20
200 20
2754 20
7320 20
7321 20
7322 20
160 20
7323 20
2824 20
165 20
7324 20
299 20
276 20
164 20
7325 20
7326 20
7327 20
5081 20
7328 20
177 20
304 20
7329 20
300 20
306 20
7330 20
192 20
168 20
7331 20
7332 20
7333 20
7334 20
7335 20
320 20
201 20
87 20
2625 20
7336 20
7337 20
7338 20
7339 20
7340 20
7341 20
7342 20
322 20
7343 20
7344 20
7345 20
7346 20
144 20
125 20
112 20
7347 20
86 20
1431 20
211 20
1380 20
3210 20
7348 20
4399 20
6682 20
4401 20
7349 20
389 20
7350 20
91 20
7351 20
140 20
7352 20
7353 20
7354 20
7355 20
7356 20
399 20
7357 20
4456 20
7358 20
433 20
407 20
325 20
7359 20
2467 22
1014 22
1452 22
7360 22
4 22
3255 22
4814 22
2603 22
3 22
0 22
1065 22
7361 22
7362 22
7363 22
321 22
83 22
1283 22
185 22
7364 22
2 22
2681 22
7365 22
2869 22
99 22
317 22
279 22
1670 22
1856 22
7366 22
2703 22
1472 22
328 22
113 22
860 22
5024 22
3323 22
1316 22
112 22
7367 22
1474 22
154 22
134 22
7368 22
7369 22
3584 22
1345 22
166 22
2386 22
7370 22
2642 22
195 22
183 22
7371 22
189 22
2158 22
1118 22
210 22
141 22
2516 22
250 22
223 22
135 22
978 22
2727 22
2036 22
7372 22
267 22
265 22
438 22
2940 22
126 22
7373 22
248 22
201 22
193 22
7374 22
165 22
5265 22
7375 22
299 22
318 22
2419 22
7376 22
304 22
375 22
300 22
36 22
2492 22
2754 22
7377 22
114 22
129 22
325 22
320 22
271 22
291 22
324 22
7378 22
1129 22
1483 22
306 22
7379 22
2567 22
200 22
1419 22
172 22
7380 22
3215 22
372 22
7381 22
7382 22
399 22
350 22
229 22
6666 22
3318 22
735 22
410 22
4 7
3 7
0 7
7383 7
408 7
7384 7
2 7
7385 7
36 7
2700 7
7386 7
7387 7
7388 7
94 7
7389 7
18 7
3293 7
139 7
2342 7
7092 7
1 7
628 7
1766 7
7390 7
7391 7
7392 7
7393 7
38 7
7394 7
7395 7
7396 7
294 7
4718 7
322 7
780 7
7397 7
2606 7
7398 7
7399 7
2467 7
451 7
2587 7
83 7
2761 7
75 7
2355 7
49 7
7400 7
2582 7
291 7
3255 7
7401 7
84 7
7402 7
7403 7
3270 7
3492 7
7404 7
7405 7
3496 7
68 7
7406 7
7407 7
3435 7
136 7
7408 7
7409 7
3452 7
7410 7
62 7
7411 7
7412 7
7413 7
7414 7
25 7
2207 7
67 7
7415 7
2777 7
7416 7
7417 7
7418 7
7419 7
7420 7
7421 7
945 7
4829 7
2489 7
7422 7
7423 7
7424 7
7425 7
1786 7
26 7
7426 7
7427 7
7428 7
7429 7
1467 7
7430 7
7431 7
2811 7
317 7
2928 7
7432 7
7433 7
263 7
7434 7
7435 7
7436 7
7437 7
7438 7
7439 7
7440 7
2027 7
7441 7
7442 7
173 7
978 7
1726 7
7443 7
7444 7
7445 7
2974 7
7446 7
7447 7
7448 7
7449 7
7450 7
179 7
1274 7
7451 7
7452 7
7453 7
7454 7
7455 7
7456 7
7457 7
7458 7
735 7
7459 7
533 7
7460 7
7461 7
78 7
7462 7
7463 7
99 7
7464 7
7465 7
7466 7
1129 7
743 7
7467 7
7468 7
7469 7
7470 7
1868 7
7471 7
7472 7
3561 7
405 7
7473 7
35 7
7474 7
7475 7
1144 7
860 7
202 7
530 7
162 7
7476 7
3564 7
5108 7
101 7
7477 7
2703 7
42 7
7478 7
7479 7
7480 7
7481 7
1014 7
7482 7
7483 7
7484 7
7485 7
185 7
7486 7
7487 7
7488 7
7489 7
7490 7
5150 7
7491 7
328 7
7492 7
1927 7
7493 7
7494 7
7495 7
113 7
2391 7
706 7
7496 7
7497 7
7498 7
7499 7
316 7
7500 7
2178 7
7501 7
7502 7
7503 7
7504 7
7505 7
7506 7
7507 7
7508 7
352 7
121 7
250 7
7509 7
7510 7
7511 7
7512 7
7513 7
7514 7
7515 7
255 7
7516 7
7517 7
7518 7
7519 7
7520 7
7521 7
7522 7
7523 7
134 7
1675 7
7524 7
5 7
141 7
2031 7
7525 7
7526 7
7527 7
230 7
126 7
7528 7
93 7
2386 7
2913 7
7529 7
773 7
7530 7
7531 7
7532 7
7533 7
7534 7
1489 7
1344 7
4974 7
7535 7
114 7
7536 7
7537 7
7538 7
7539 7
2666 7
7540 7
7541 7
154 7
7542 7
109 7
3643 7
7543 7
7544 7
7545 7
3651 7
7546 7
5438 7
7547 7
7548 7
7549 7
319 7
7550 7
2854 7
7551 7
7552 7
7553 7
4171 7
1065 7
7554 7
7555 7
852 7
1220 7
169 7
3323 7
1224 7
7556 7
7557 7
2242 7
7558 7
7559 7
6877 7
149 7
7560 7
7561 7
7562 7
3174 7
7563 7
120 7
7564 7
7565 7
1483 7
64 7
1664 7
6388 7
7566 7
7567 7
7568 7
1175 7
1257 7
1332 7
7569 7
261 7
2344 7
7570 7
7571 7
160 7
7572 7
7573 7
7574 7
7575 7
4189 7
2164 7
1491 7
87 7
181 7
2256 7
7576 7
7577 7
183 7
406 7
229 7
295 7
318 7
1641 7
7578 7
189 7
7579 7
7580 7
7581 7
1843 7
7582 7
1856 7
3386 7
211 7
7583 7
7584 7
7585 7
3132 7
7586 7
7587 7
7588 7
195 7
7589 7
7590 7
7591 7
1851 7
7592 7
140 7
7593 7
473 7
7594 7
7595 7
7596 7
7597 7
2622 7
7598 7
7599 7
7600 7
204 7
90 7
7601 7
1380 7
7602 7
1437 7
65 7
210 7
2036 7
3098 7
7603 7
7604 7
7605 7
135 7
5858 7
7606 7
7607 7
7608 7
7609 7
223 7
7610 7
7611 7
2869 7
7612 7
3080 7
3081 7
7613 7
3392 7
7614 7
7615 7
7616 7
7617 7
7618 7
7619 7
7620 7
7621 7
7622 7
914 7
103 7
2102 7
433 7
7623 7
7624 7
86 7
7625 7
7626 7
7627 7
165 7
7628 7
7629 7
7630 7
7631 7
3923 7
2353 7
7632 7
325 7
7633 7
200 7
7634 7
192 7
7635 7
7636 7
269 7
7637 7
98 7
7015 7
259 7
7638 7
1498 7
7639 7
7640 7
7641 7
7642 7
2973 7
7643 7
7644 7
167 7
7645 7
7646 7
265 7
7647 7
2554 7
438 7
2365 7
7648 7
168 7
7649 7
248 7
7650 7
7651 7
7652 7
7653 7
272 7
280 7
166 7
4029 7
270 7
7654 7
7655 7
7656 7
193 7
256 7
7657 7
129 7
201 7
1244 7
7658 7
271 7
112 7
299 7
1367 7
1264 7
7659 7
7660 7
72 7
287 7
7661 7
373 7
1226 7
7662 7
7663 7
279 7
5265 7
4619 7
7664 7
639 7
7665 7
106 7
7666 7
7667 7
7668 7
7669 7
7670 7
300 7
117 7
7671 7
3372 7
304 7
7672 7
7673 7
7674 7
7675 7
7676 7
7677 7
2419 7
1676 7
7678 7
7679 7
2824 7
306 7
7680 7
7681 7
7682 7
7683 7
7684 7
697 7
7685 7
7686 7
7687 7
284 7
1196 7
320 7
7688 7
7689 7
431 7
171 7
7690 7
7691 7
92 7
7692 7
7693 7
7694 7
2712 7
7695 7
7696 7
7697 7
7698 7
4241 7
7699 7
7700 7
7701 7
7702 7
267 7
79 7
7703 7
7704 7
7705 7
7706 7
4261 7
7707 7
7708 7
7056 7
2940 7
2439 7
7709 7
7710 7
7711 7
7712 7
7713 7
338 7
1345 7
115 7
7714 7
2724 7
234 7
7715 7
1475 7
2815 7
7716 7
7717 7
7718 7
4381 7
7719 7
7720 7
7721 7
315 7
125 7
344 7
7024 7
7722 7
7723 7
7724 7
7725 7
2146 7
7726 7
7727 7
172 7
7728 7
7729 7
7730 7
7731 7
7732 7
7733 7
104 7
7734 7
7735 7
7736 7
2543 7
276 7
7737 7
7738 7
1077 7
3214 7
2736 7
4396 7
387 7
3215 7
3210 7
384 7
4400 7
365 7
364 7
1691 7
4401 7
354 7
4393 7
3278 7
353 7
381 7
1399 7
360 7
368 7
380 7
3464 7
357 7
372 7
931 7
389 7
391 7
2884 7
2693 7
96 7
2544 7
4168 7
4329 7
6872 7
236 7
2515 7
7739 7
7740 7
399 7
7741 7
7742 7
363 7
4399 7
333 7
7743 7
4426 7
7744 7
7745 7
7746 7
7747 7
2488 7
7748 7
7749 7
7750 7
7751 7
7752 7
7753 7
7754 7
2910 7
7755 7
1500 7
7756 7
7757 7
208 7
410 7
7758 7
1118 7
412 7
2576 7
7759 7
2518 7
369 7
0 29
4 29
1452 29
7760 29
7761 29
7762 29
2815 29
1509 29
7763 29
7764 29
7765 29
7766 29
7767 29
316 29
7768 29
7769 29
3284 29
3 29
7770 29
2355 29
93 29
7771 29
7772 29
4693 29
7773 29
7774 29
36 29
7775 29
2569 29
7776 29
1675 29
7777 29
2 29
1868 29
7778 29
7779 29
7161 29
1283 29
7780 29
7781 29
99 29
2854 29
7782 29
7783 29
1129 29
7784 29
113 29
7785 29
1917 29
7786 29
1474 29
7787 29
1766 29
7788 29
154 29
7789 29
7790 29
134 29
3098 29
7791 29
7792 29
883 29
2372 29
7793 29
7794 29
7795 29
239 29
183 29
7796 29
433 29
7797 29
189 29
6388 29
7798 29
141 29
7799 29
272 29
103 29
210 29
223 29
2311 29
7800 29
7801 29
261 29
259 29
265 29
92 29
7802 29
140 29
7803 29
7804 29
7805 29
72 29
1177 29
7806 29
229 29
87 29
2489 29
299 29
304 29
300 29
192 29
7807 29
75 29
78 29
320 29
35 29
1641 29
350 29
193 29
270 29
166 29
306 29
201 29
364 29
650 29
7808 29
7809 29
3632 29
3406 29
352 29
7810 29
410 29
1118 29
1735 14
7406 14
2768 14
6579 14
3 14
1731 14
2775 14
2589 14
2 14
4 14
0 14
3275 14
139 14
173 14
57 14
7811 14
1453 14
7812 14
7813 14
1 14
1445 14
64 14
4785 14
2974 14
7814 14
7815 14
67 14
2791 14
2793 14
2794 14
4862 14
70 14
4811 14
3355 14
1224 14
1257 14
2344 14
1592 14
7816 14
7817 14
1085 14
2624 14
83 14
280 14
408 14
239 14
7818 14
322 14
185 14
1843 14
99 14
3306 14
266 14
7819 14
1055 14
3548 14
7820 14
352 14
113 14
1928 14
565 14
733 14
250 14
2652 14
438 14
1341 14
7821 14
134 14
1129 14
141 14
1192 14
102 14
7822 14
154 14
1856 14
2057 14
62 14
7823 14
201 14
3452 14
149 14
59 14
269 14
7824 14
2242 14
3045 14
5553 14
639 14
298 14
7825 14
4536 14
183 14
192 14
276 14
514 14
1870 14
271 14
317 14
189 14
195 14
7826 14
107 14
1039 14
78 14
1047 14
292 14
1163 14
204 14
210 14
731 14
325 14
193 14
1482 14
3481 14
223 14
333 14
112 14
852 14
3383 14
1475 14
2256 14
104 14
140 14
7827 14
234 14
7828 14
2467 14
1196 14
248 14
294 14
126 14
259 14
202 14
2516 14
26 14
265 14
4189 14
2365 14
72 14
270 14
129 14
2386 14
166 14
165 14
272 14
299 14
1077 14
2824 14
506 14
287 14
7829 14
739 14
87 14
300 14
304 14
160 14
36 14
306 14
89 14
319 14
2355 14
1726 14
2372 14
7830 14
320 14
15 14
267 14
200 14
7346 14
3264 14
7831 14
75 14
116 14
7832 14
109 14
405 14
2489 14
6553 14
6531 14
7833 14
7834 14
3393 14
7835 14
344 14
7836 14
7837 14
7838 14
7839 14
3407 14
860 14
279 14
7840 14
7841 14
1431 14
3292 14
4393 14
6682 14
3276 14
6674 14
3215 14
3403 14
4394 14
4401 14
358 14
4403 14
372 14
2910 14
7842 14
135 14
389 14
7843 14
399 14
7844 14
2564 14
2518 14
7845 14
229 14
7846 14
7847 14
321 14
46 14
407 14
410 14
2197 14
208 14
412 14
0 30
7848 30
3 30
7849 30
1051 30
1506 30
1856 30
4 30
7850 30
7851 30
3080 30
7852 30
7853 30
7854 30
7855 30
7856 30
3132 30
2 30
1851 30
1509 30
7857 30
1225 30
7858 30
83 30
7859 30
7860 30
7861 30
7862 30
1286 30
136 30
1224 30
7863 30
7864 30
7865 30
7866 30
7867 30
7868 30
99 30
7869 30
263 30
7870 30
7871 30
7872 30
7873 30
793 30
7874 30
7166 30
7167 30
7875 30
7876 30
117 30
7877 30
7878 30
2824 30
7879 30
7880 30
7881 30
7882 30
7883 30
7884 30
7885 30
1144 30
7886 30
406 30
7887 30
7888 30
706 30
7889 30
7890 30
115 30
7891 30
7892 30
141 30
7893 30
6877 30
7894 30
7895 30
7896 30
134 30
1474 30
7897 30
154 30
7898 30
292 30
7899 30
1672 30
7208 30
7900 30
2164 30
7901 30
1495 30
7902 30
7903 30
3383 30
7904 30
373 30
7905 30
2242 30
7906 30
7907 30
7908 30
650 30
7909 30
181 30
7015 30
2146 30
7910 30
1654 30
7911 30
7228 30
7912 30
3518 30
7913 30
2625 30
183 30
7646 30
773 30
7914 30
189 30
7915 30
210 30
4645 30
7916 30
7917 30
7918 30
7919 30
230 30
2811 30
7920 30
7921 30
7922 30
565 30
7923 30
7924 30
743 30
7925 30
223 30
7926 30
7927 30
873 30
7928 30
7929 30
7930 30
7931 30
6083 30
1475 30
2554 30
259 30
7932 30
7518 30
7933 30
265 30
7934 30
140 30
7935 30
280 30
87 30
248 30
4601 30
7936 30
109 30
299 30
7937 30
96 30
7938 30
7939 30
104 30
113 30
36 30
304 30
7940 30
306 30
7941 30
4563 30
2569 30
7942 30
3081 30
3933 30
168 30
7676 30
276 30
7943 30
325 30
229 30
294 30
1482 30
530 30
7944 30
7945 30
320 30
1014 30
7946 30
7947 30
231 30
7948 30
300 30
7949 30
7950 30
160 30
1405 30
172 30
165 30
1380 30
3292 30
3403 30
7951 30
7952 30
7953 30
3416 30
7954 30
399 30
202 30
7955 30
7956 30
7957 30
3351 30
3407 30
7958 30
7959 30
7960 30
7961 30
4779 15
0 15
55 15
3 15
459 15
7962 15
7963 15
7964 15
104 15
4 15
3548 15
7965 15
4707 15
7966 15
2615 15
1731 15
978 15
2581 15
7967 15
7968 15
1654 15
7969 15
7970 15
873 15
7971 15
7972 15
143 15
7973 15
7974 15
5217 15
1495 15
4695 15
7975 15
7861 15
4810 15
322 15
2551 15
4851 15
3589 15
1759 15
7976 15
7977 15
7978 15
1244 15
7979 15
1371 15
7980 15
7981 15
7982 15
7298 15
7983 15
7984 15
7985 15
7986 15
83 15
92 15
7987 15
7988 15
7989 15
7990 15
1055 15
82 15
1177 15
7991 15
2355 15
239 15
7992 15
90 15
7993 15
7994 15
211 15
7995 15
7996 15
7997 15
7998 15
7999 15
8000 15
8001 15
352 15
8002 15
8003 15
167 15
8004 15
1498 15
1367 15
8005 15
99 15
8006 15
8007 15
8008 15
8009 15
1868 15
178 15
8010 15
8011 15
8012 15
1547 15
8013 15
8014 15
177 15
8015 15
8016 15
8017 15
8018 15
8019 15
1870 15
8020 15
8021 15
1344 15
8022 15
8023 15
8024 15
8025 15
8026 15
8027 15
101 15
8028 15
117 15
8029 15
8030 15
8031 15
8032 15
8033 15
8034 15
8035 15
8036 15
8037 15
8038 15
2489 15
3029 15
8039 15
8040 15
8041 15
8042 15
8043 15
1918 15
144 15
8044 15
2391 15
1224 15
94 15
8045 15
8046 15
8047 15
8048 15
8049 15
8050 15
8051 15
8052 15
298 15
6985 15
8053 15
8054 15
8055 15
8056 15
160 15
8057 15
533 15
8058 15
134 15
8059 15
8060 15
8061 15
1856 15
8062 15
8063 15
328 15
8064 15
2754 15
8065 15
8066 15
8067 15
154 15
8068 15
8069 15
8070 15
8071 15
8072 15
5378 15
8073 15
8074 15
8075 15
2650 15
8076 15
639 15
8077 15
8078 15
266 15
2353 15
8079 15
8080 15
3584 15
149 15
4559 15
8081 15
1287 15
8082 15
8083 15
8084 15
2851 15
8085 15
8086 15
8087 15
8088 15
8089 15
8090 15
8091 15
8092 15
8093 15
1196 15
8094 15
8095 15
8096 15
1927 15
8097 15
8098 15
1085 15
116 15
8099 15
200 15
8100 15
8101 15
1163 15
8102 15
8103 15
181 15
8104 15
112 15
8105 15
183 15
189 15
8106 15
373 15
236 15
8107 15
8108 15
8109 15
87 15
8110 15
8111 15
1257 15
3386 15
8112 15
733 15
8113 15
8114 15
8115 15
8116 15
204 15
8117 15
8118 15
210 15
109 15
1129 15
141 15
8119 15
8120 15
8121 15
8122 15
8123 15
8124 15
8125 15
2074 15
8126 15
3618 15
8127 15
8128 15
216 15
408 15
8129 15
1341 15
293 15
8130 15
8131 15
8132 15
8133 15
8134 15
8135 15
2311 15
8136 15
530 15
224 15
8137 15
8138 15
8139 15
8140 15
136 15
8141 15
514 15
8142 15
8143 15
8144 15
8145 15
250 15
8146 15
333 15
8147 15
8148 15
413 15
84 15
4209 15
8149 15
8150 15
271 15
8151 15
259 15
36 15
8152 15
253 15
3820 15
8153 15
8154 15
265 15
1675 15
2386 15
8155 15
8156 15
248 15
113 15
4781 15
129 15
8157 15
8158 15
279 15
78 15
166 15
8159 15
8160 15
325 15
276 15
10 15
8161 15
650 15
8162 15
299 15
8163 15
267 15
1226 15
287 15
3414 15
8164 15
8165 15
8166 15
8167 15
8168 15
8169 15
8170 15
8171 15
8172 15
438 15
8173 15
8174 15
8175 15
300 15
2409 15
3323 15
304 15
3392 15
8176 15
8177 15
2036 15
8178 15
7835 15
8179 15
8180 15
8181 15
8182 15
8183 15
38 15
8184 15
8185 15
8186 15
8187 15
8188 15
8189 15
8190 15
8191 15
8192 15
1843 15
8193 15
8194 15
2854 15
320 15
2047 15
98 15
8195 15
8196 15
35 15
8197 15
8198 15
256 15
269 15
201 15
172 15
8199 15
3255 15
165 15
8200 15
3372 15
1118 15
8201 15
411 15
1316 15
8202 15
8203 15
2970 15
8204 15
8205 15
8206 15
8207 15
8208 15
8209 15
88 15
8210 15
338 15
3075 15
3322 15
2824 15
106 15
6592 15
306 15
8211 15
380 15
8212 15
8213 15
344 15
8214 15
1682 15
2910 15
1144 15
773 15
1665 15
8215 15
8216 15
8217 15
8218 15
8219 15
8220 15
8221 15
126 15
8222 15
7961 15
272 15
1380 15
8223 15
3081 15
280 15
8224 15
1676 15
2736 15
3413 15
8225 15
8226 15
8227 15
392 15
565 15
4426 15
8228 15
5856 15
8229 15
8230 15
140 15
8231 15
8232 15
8233 15
3407 15
8234 15
3045 15
8235 15
399 15
8236 15
8237 15
2974 15
8238 15
697 15
8239 15
7530 15
8240 15
8241 15
7823 15
8242 15
739 15
2553 15
8243 15
6790 15
2387 15
410 15
8244 15
8245 15
0 9
8246 9
4 9
3 9
451 9
438 9
2 9
2750 9
1563 9
5018 9
1856 9
8247 9
2771 9
3432 9
4780 9
1698 9
8248 9
1286 9
743 9
4770 9
462 9
8249 9
36 9
1750 9
439 9
2624 9
2440 9
2760 9
1 9
8250 9
10 9
7966 9
8251 9
8252 9
8253 9
1498 9
8254 9
8255 9
8256 9
17 9
8257 9
8258 9
2775 9
105 9
8259 9
3247 9
8260 9
8261 9
328 9
8262 9
8263 9
11 9
8264 9
8265 9
8266 9
2027 9
185 9
67 9
3507 9
3509 9
71 9
77 9
3301 9
73 9
12 9
632 9
8267 9
1654 9
7812 9
2344 9
8268 9
4879 9
3305 9
8269 9
8270 9
8271 9
8272 9
8273 9
8274 9
8275 9
3483 9
8276 9
8277 9
96 9
8278 9
193 9
83 9
2489 9
8279 9
8280 9
8281 9
7833 9
8282 9
2825 9
172 9
211 9
8283 9
8284 9
8285 9
8286 9
8287 9
92 9
8288 9
2754 9
3304 9
8289 9
375 9
8290 9
8291 9
8292 9
78 9
8293 9
8294 9
143 9
3043 9
8295 9
178 9
2439 9
8296 9
250 9
84 9
8297 9
8298 9
8299 9
1672 9
8300 9
99 9
8301 9
8302 9
8303 9
8304 9
1129 9
8305 9
8306 9
931 9
8307 9
8308 9
115 9
230 9
8309 9
8310 9
1367 9
8311 9
8312 9
109 9
8313 9
8314 9
8315 9
7624 9
8316 9
8317 9
628 9
8318 9
8319 9
8320 9
316 9
113 9
110 9
8321 9
685 9
8322 9
117 9
173 9
3324 9
8323 9
2516 9
8324 9
65 9
8325 9
8326 9
1489 9
4836 9
3349 9
408 9
8327 9
8328 9
8329 9
2928 9
3254 9
3443 9
134 9
141 9
1495 9
136 9
8330 9
8331 9
2681 9
8332 9
8333 9
2414 9
945 9
8334 9
229 9
780 9
8335 9
98 9
8336 9
5365 9
3326 9
8337 9
3255 9
154 9
8338 9
156 9
3638 9
5372 9
104 9
8339 9
2974 9
8340 9
260 9
8341 9
2355 9
8342 9
8343 9
5280 9
2622 9
8344 9
2386 9
8345 9
8346 9
3338 9
8347 9
2554 9
2391 9
8348 9
8349 9
72 9
8350 9
318 9
165 9
270 9
3820 9
8351 9
8352 9
3132 9
8353 9
3762 9
8354 9
8355 9
279 9
8356 9
205 9
2057 9
2036 9
4171 9
8357 9
112 9
6709 9
1316 9
8358 9
8359 9
8360 9
181 9
8361 9
8362 9
3081 9
2168 9
234 9
8363 9
3369 9
860 9
8364 9
4620 9
3396 9
8365 9
8366 9
8367 9
183 9
1177 9
276 9
8368 9
8369 9
189 9
103 9
195 9
8370 9
8371 9
1345 9
8372 9
298 9
8373 9
8374 9
8375 9
1467 9
696 9
1224 9
3408 9
3273 9
192 9
8376 9
5788 9
204 9
8377 9
8378 9
88 9
3885 9
8379 9
8380 9
8381 9
8382 9
8383 9
210 9
8384 9
8385 9
237 9
8386 9
8387 9
295 9
8388 9
8389 9
1843 9
8390 9
8391 9
201 9
8392 9
8393 9
8394 9
166 9
223 9
3342 9
1144 9
8395 9
3264 9
970 9
3878 9
1928 9
8396 9
8397 9
726 9
162 9
8398 9
3174 9
8399 9
8400 9
8401 9
1077 9
8402 9
1518 9
3481 9
8403 9
1689 9
8404 9
8405 9
8406 9
8407 9
6388 9
8408 9
8409 9
8410 9
880 9
1244 9
8411 9
8412 9
872 9
8413 9
160 9
8414 9
8415 9
8416 9
8417 9
5231 9
8418 9
8419 9
147 9
307 9
264 9
8420 9
8421 9
8422 9
259 9
8423 9
8424 9
8425 9
8426 9
2467 9
2488 9
94 9
8427 9
3351 9
253 9
8428 9
8429 9
267 9
8430 9
265 9
2387 9
3457 9
93 9
2365 9
292 9
8431 9
4334 9
1344 9
4012 9
1169 9
3098 9
3872 9
200 9
129 9
248 9
4601 9
271 9
3390 9
277 9
140 9
272 9
1196 9
280 9
299 9
8432 9
116 9
8433 9
5010 9
287 9
8434 9
256 9
8435 9
3249 9
4105 9
8436 9
8437 9
6464 9
1081 9
300 9
8438 9
8439 9
304 9
8440 9
8441 9
1055 9
8442 9
8443 9
8444 9
1917 9
8445 9
3401 9
236 9
8446 9
8447 9
75 9
2667 9
1676 9
8448 9
114 9
320 9
3134 9
87 9
650 9
3961 9
8449 9
3392 9
325 9
8450 9
333 9
231 9
8451 9
8452 9
8453 9
8454 9
8455 9
352 9
1241 9
306 9
8456 9
341 9
8457 9
3416 9
8458 9
4410 9
4189 9
8459 9
8460 9
269 9
3275 9
8461 9
350 9
8462 9
8463 9
26 9
357 9
6682 9
4396 9
359 9
1412 9
3403 9
2731 9
355 9
4393 9
380 9
382 9
8464 9
6674 9
1391 9
8465 9
8466 9
126 9
79 9
392 9
6046 9
413 9
8467 9
3183 9
3225 9
2492 9
2727 9
8468 9
2158 9
399 9
386 9
2544 9
8469 9
3173 9
8470 9
8471 9
3406 9
8472 9
8473 9
8474 9
35 9
319 9
8475 9
8476 9
6768 9
8477 9
391 9
407 9
6047 9
405 9
2164 9
410 9
8478 9
412 9
8479 9
8480 27
0 27
4 27
99 27
3 27
165 27
5234 27
141 27
134 27
154 27
183 27
204 27
210 27
189 27
259 27
265 27
113 27
256 27
276 27
300 27
166 27
36 27
306 27
201 27
325 27
229 27
160 27
279 27
379 27
